0.0
0.0
0.0
0.0
0.0
0.0
0.0
0.0
0.0
0.0
0.0
0.0
0.00784313725490196
0.00784313725490196
0.0
0.0
0.0
0.00392156862745098
0.01568627450980392
0.01568627450980392
0.00784313725490196
0.0
0.0
0.0
0.0
0.0
0.0
0.0
0.0
0.0
0.0
0.0
0.0
0.0
0.0
0.0
0.0
0.0
0.0
0.0
0.0
0.0
0.0196078431372549
0.01568627450980392
0.01568627450980392
0.0
0.0
0.0
0.0
0.011764705882352941
0.00392156862745098
0.0
0.0
0.0
0.0
0.0
0.0
0.0
0.0
0.0
0.0
0.0
0.0
0.0
0.0
0.0
0.00784313725490196
0.00392156862745098
0.19215686274509805
0.7764705882352941
0.8509803921568627
0.8509803921568627
0.8627450980392157
0.8352941176470589
0.7137254901960784
0.48627450980392156
0.10980392156862745
0.0
0.0
0.00784313725490196
0.0
0.0
0.0
0.0
0.0
0.0
0.0
0.0
0.0
0.0
0.0
0.0
0.0
0.0
0.00784313725490196
0.0
0.8196078431372549
0.6666666666666666
0.16862745098039217
0.1803921568627451
0.1843137254901961
0.30196078431372547
0.4823529411764706
0.7803921568627451
0.9215686274509803
0.6313725490196078
0.0784313725490196
0.0
0.00784313725490196
0.0
0.0
0.0
0.0
0.0
0.0
0.0
0.0
0.0
0.0
0.0
0.0
0.00392156862745098
0.0
0.023529411764705882
0.8392156862745098
0.08627450980392157
0.0
0.0
0.0
0.0
0.0
0.0
0.17647058823529413
0.7098039215686275
0.9137254901960784
0.18823529411764706
0.0
0.00784313725490196
0.0
0.0
0.0
0.0
0.0
0.0
0.0
0.0
0.0
0.0
0.0
0.0
0.00392156862745098
0.011764705882352941
0.8313725490196079
0.21568627450980393
0.011764705882352941
0.0196078431372549
0.0196078431372549
0.027450980392156862
0.03137254901960784
0.023529411764705882
0.0
0.0
0.5058823529411764
0.9607843137254902
0.09411764705882353
0.00392156862745098
0.00784313725490196
0.0
0.0
0.0
0.0
0.0
0.0
0.0
0.0
0.0
0.0
0.0
0.01568627450980392
0.00784313725490196
0.6823529411764706
0.596078431372549
0.0
0.0
0.0
0.0
0.0
0.0
0.0
0.0
0.0
0.6588235294117647
0.5725490196078431
0.0
0.01568627450980392
0.0
0.0
0.0
0.0
0.0
0.0
0.0
0.0
0.0
0.00392156862745098
0.01568627450980392
0.00784313725490196
0.0
0.12156862745098039
0.8901960784313725
0.10588235294117647
0.10196078431372549
0.2627450980392157
0.4549019607843137
0.592156862745098
0.6666666666666666
0.6666666666666666
0.6745098039215687
0.6509803921568628
0.8509803921568627
0.7843137254901961
0.0
0.011764705882352941
0.0
0.0
0.0
0.0
0.0
0.0
0.0
0.0
0.00784313725490196
0.0
0.0
0.0
0.2196078431372549
0.45098039215686275
0.984313725490196
0.9333333333333333
0.8274509803921568
0.8431372549019608
0.7098039215686275
0.5882352941176471
0.4823529411764706
0.47058823529411764
0.47058823529411764
0.4666666666666667
0.4470588235294118
0.3843137254901961
0.0
0.00784313725490196
0.0
0.0
0.0
0.0
0.0
0.0
0.0
0.00784313725490196
0.0
0.07450980392156863
0.5333333333333333
0.8588235294117647
0.8784313725490196
0.7098039215686275
0.4470588235294118
0.9137254901960784
0.5215686274509804
0.0
0.0
0.0
0.0
0.0
0.0
0.0
0.0
0.0
0.0
0.0
0.0
0.0
0.0
0.0
0.0
0.0
0.00784313725490196
0.0
0.20784313725490197
0.9215686274509803
0.7607843137254902
0.3254901960784314
0.0392156862745098
0.0
0.0
0.21568627450980393
0.9882352941176471
0.19607843137254902
0.01568627450980392
0.027450980392156862
0.01568627450980392
0.01568627450980392
0.01568627450980392
0.01568627450980392
0.01568627450980392
0.011764705882352941
0.0
0.0
0.0
0.0
0.0
0.0
0.0
0.00784313725490196
0.00392156862745098
0.09411764705882353
0.9607843137254902
0.5333333333333333
0.0
0.0
0.0
0.011764705882352941
0.027450980392156862
0.0
0.47843137254901963
0.8862745098039215
0.00784313725490196
0.00784313725490196
0.00392156862745098
0.0
0.0
0.0
0.0
0.0
0.0
0.0
0.0
0.0
0.0
0.0
0.0
0.01568627450980392
0.0
0.5647058823529412
0.7764705882352941
0.0
0.01568627450980392
0.011764705882352941
0.00392156862745098
0.0
0.0
0.011764705882352941
0.0
0.8392156862745098
0.47058823529411764
0.0
0.01568627450980392
0.0
0.0
0.0
0.0
0.0
0.0
0.0
0.0
0.0
0.0
0.0
0.0
0.01568627450980392
0.0
0.6745098039215687
0.3843137254901961
0.00784313725490196
0.01568627450980392
0.0
0.0
0.0
0.0
0.011764705882352941
0.00392156862745098
0.28627450980392155
0.8627450980392157
0.00392156862745098
0.00392156862745098
0.0
0.0
0.0
0.0
0.0
0.0
0.0
0.0
0.0
0.0
0.0
0.0
0.01568627450980392
0.0
0.6470588235294118
0.37254901960784315
0.0
0.011764705882352941
0.0
0.0
0.0
0.0
0.00392156862745098
0.0
0.03529411764705882
0.8588235294117647
0.14901960784313725
0.0
0.00784313725490196
0.0
0.0
0.0
0.0
0.0
0.0
0.0
0.0
0.0
0.0
0.0
0.01568627450980392
0.0
0.6549019607843137
0.3686274509803922
0.00392156862745098
0.011764705882352941
0.0
0.0
0.0
0.0
0.0
0.00784313725490196
0.0
0.7607843137254902
0.28627450980392155
0.0
0.011764705882352941
0.0
0.0
0.0
0.0
0.0
0.0
0.0
0.0
0.0
0.0
0.0
0.01568627450980392
0.0
0.6588235294117647
0.45098039215686275
0.0
0.023529411764705882
0.0
0.0
0.0
0.0
0.0
0.01568627450980392
0.0
0.6862745098039216
0.36470588235294116
0.0
0.011764705882352941
0.0
0.0
0.0
0.0
0.0
0.0
0.0
0.0
0.0
0.0
0.0
0.011764705882352941
0.0
0.4
0.8941176470588236
0.023529411764705882
0.0
0.01568627450980392
0.011764705882352941
0.00784313725490196
0.00784313725490196
0.00784313725490196
0.023529411764705882
0.011764705882352941
0.6470588235294118
0.3764705882352941
0.0
0.011764705882352941
0.0
0.0
0.0
0.0
0.0
0.0
0.0
0.0
0.0
0.0
0.0
0.00392156862745098
0.00784313725490196
0.01568627450980392
0.7215686274509804
0.8588235294117647
0.17647058823529413
0.0
0.0
0.0
0.0
0.0
0.0
0.0
0.7843137254901961
0.3411764705882353
0.0
0.011764705882352941
0.0
0.0
0.0
0.0
0.0
0.0
0.0
0.0
0.0
0.0
0.0
0.0
0.00392156862745098
0.00392156862745098
0.0
0.5490196078431373
0.9372549019607843
0.7058823529411765
0.3607843137254902
0.18823529411764706
0.16862745098039217
0.17647058823529413
0.16470588235294117
0.396078431372549
0.9882352941176471
0.11372549019607843
0.0
0.00784313725490196
0.0
0.0
0.0
0.0
0.0
0.0
0.0
0.0
0.0
0.0
0.0
0.0
0.0
0.00392156862745098
0.00392156862745098
0.0
0.1568627450980392
0.5607843137254902
0.8196078431372549
0.8549019607843137
0.8509803921568627
0.8509803921568627
0.8431372549019608
0.8313725490196079
0.3764705882352941
0.0
0.00784313725490196
0.0
0.0
0.0
0.0
0.0
0.0
0.0
0.0
0.0
0.0
0.0
0.0
0.0
0.0
0.0
0.0
0.011764705882352941
0.0
0.0
0.0
0.01568627450980392
0.0196078431372549
0.01568627450980392
0.0196078431372549
0.0
0.0
0.00392156862745098
0.0
0.0
0.0
0.0
0.0
0.0
0.0
0.0
0.0
0.0
0.0
0.0
0.0
0.0
0.0
0.0
0.0
0.0
0.00784313725490196
0.01568627450980392
0.00392156862745098
0.0
0.0
0.0
0.0
0.0
0.011764705882352941
0.0
0.0
0.0
0.0
0.0
0.0
0.0
0.0
0.0
0.0
0.0
0.0
0.0
0.0
0.0
0.0
0.0
0.0
0.0
0.0
0.0
0.0
0.00392156862745098
0.00392156862745098
0.00392156862745098
0.00392156862745098
0.0
0.0
0.0
0.0
0.0
0.0
0.0
0.0
0.0
0.0
0.0
0.0
0.0
0.0
0.0
0.0
0.0
0.0
0.0
0.0
0.0
0.0
0.0
0.0
0.0
0.0
0.0
0.0
0.0
0.0
0.0
0.0
0.0
0.0
0.0
0.0
0.0
0.0
0.0
0.0
0.0
0.0
0.0
0.0
0.0
0.0
0.0
0.0
0.0
0.0
0.0
0.0
0.0
0.0
0.0
0.0
0.0
0.0
0.0
0.0
0.0
0.0
0.0
0.0
0.0
0.0
0.0
0.0
0.0
0.0
0.0
0.0
0.0
0.0
0.0
0.0
0.0
0.0
0.0
0.0
0.0
0.0
0.0
0.0
0.0
0.0
0.0
0.0
0.0
0.0
0.0
0.0
0.0
0.0
0.0
0.0
0.0
0.0
0.0
0.0
0.0
0.0
0.0
0.0
0.0
0.0
0.0
0.0
0.0
0.0
0.0
0.0
0.0
0.0
0.0
0.0
0.0
0.0
0.0
0.0
0.0
0.0
0.0
0.0
