0.0
0.0
0.0
0.0
0.0
0.0
0.0
0.0
0.0
0.0
0.0
0.0
0.0
0.0
0.0
0.0
0.0
0.0
0.0
0.0
0.0
0.0
0.0
0.0
0.0
0.0
0.0
0.0
0.0
0.0
0.0
0.0
0.0
0.0
0.0
0.0
0.0
0.0
0.0
0.0
0.0
0.0
0.0
0.0
0.0
0.0
0.0
0.0
0.0
0.0
0.0
0.0
0.0
0.0
0.0
0.0
0.0
0.0
0.0
0.0
0.0
0.0
0.0
0.0
0.0
0.0
0.0
0.0
0.0
0.0
0.0
0.0
0.0
0.0
0.0
0.0
0.0
0.0
0.0
0.0
0.0
0.0
0.0
0.0
0.0
0.0
0.0
0.0
0.0
0.0
0.0
0.0
0.0
0.0
0.0
0.0
0.0
0.0
0.0
0.0
0.0
0.0
0.0
0.0
0.0
0.0
0.0
0.0
0.0
0.0
0.0
0.0
0.0
0.0
0.0
0.0
0.0
0.0
0.0
0.0
0.0
0.0
0.0
0.0
0.00392156862745098
0.00784313725490196
0.0
0.0
0.0
0.0
0.0
0.0
0.0
0.0
0.0
0.0
0.0
0.0
0.0
0.0
0.0
0.0
0.0
0.0
0.0
0.0
0.0
0.0
0.0
0.0
0.00392156862745098
0.00392156862745098
0.0
0.0
0.0
0.00392156862745098
0.0
0.0
0.0
0.0
0.0
0.0
0.0
0.0
0.0
0.0
0.0
0.0
0.0
0.0
0.0
0.0
0.0
0.0
0.0
0.0
0.0
0.0
0.0
0.0
0.047058823529411764
0.17647058823529413
0.0
0.0
0.0
0.0
0.0
0.0
0.0
0.0
0.0
0.0
0.0
0.0
0.0
0.0
0.0
0.0
0.0
0.0
0.0
0.0
0.0
0.0
0.00392156862745098
0.00392156862745098
0.050980392156862744
0.3215686274509804
0.6705882352941176
0.9529411764705882
0.7764705882352941
0.3607843137254902
0.027450980392156862
0.00784313725490196
0.00392156862745098
0.0
0.0
0.0
0.0
0.0
0.0
0.0
0.0
0.0
0.0
0.0
0.0
0.0
0.0
0.0
0.0
0.00784313725490196
0.0
0.0392156862745098
0.6313725490196078
0.9803921568627451
0.8666666666666667
0.7294117647058823
0.8941176470588236
0.9450980392156862
0.23921568627450981
0.0
0.00784313725490196
0.0
0.0
0.0
0.0
0.0
0.0
0.0
0.0
0.0
0.0
0.0
0.0
0.0
0.0
0.0
0.00392156862745098
0.0
0.11372549019607843
0.5568627450980392
1.0
0.5058823529411764
0.1568627450980392
0.0196078431372549
0.19215686274509805
0.7803921568627451
0.788235294117647
0.23137254901960785
0.0
0.00392156862745098
0.00392156862745098
0.0
0.0
0.0
0.0
0.0
0.0
0.0
0.0
0.0
0.0
0.0
0.0
0.0
0.00784313725490196
0.047058823529411764
0.5294117647058824
0.9647058823529412
0.6745098039215687
0.07058823529411765
0.0
0.00784313725490196
0.0
0.1843137254901961
0.9058823529411765
0.8823529411764706
0.3803921568627451
0.00392156862745098
0.0
0.0
0.0
0.0
0.0
0.0
0.0
0.0
0.0
0.0
0.0
0.0
0.0
0.01568627450980392
0.0
0.33725490196078434
0.8627450980392157
0.8431372549019608
0.1411764705882353
0.0
0.011764705882352941
0.00392156862745098
0.00784313725490196
0.0
0.39215686274509803
0.9411764705882353
0.8901960784313725
0.4392156862745098
0.050980392156862744
0.00784313725490196
0.00392156862745098
0.0
0.0
0.0
0.0
0.0
0.0
0.0
0.0
0.0
0.00392156862745098
0.00784313725490196
0.023529411764705882
0.5764705882352941
0.9921568627450981
0.44313725490196076
0.027450980392156862
0.00392156862745098
0.0
0.0
0.00392156862745098
0.011764705882352941
0.0
0.5607843137254902
1.0
0.9725490196078431
0.24705882352941178
0.0
0.011764705882352941
0.0
0.0
0.0
0.0
0.0
0.0
0.0
0.0
0.0
0.00392156862745098
0.0
0.06666666666666667
0.7843137254901961
0.803921568627451
0.0392156862745098
0.0
0.00392156862745098
0.0
0.0
0.0
0.00784313725490196
0.00392156862745098
0.10980392156862745
0.6980392156862745
1.0
0.5411764705882353
0.0196078431372549
0.00392156862745098
0.00392156862745098
0.0
0.0
0.0
0.0
0.0
0.0
0.0
0.0
0.00784313725490196
0.0
0.10196078431372549
0.8666666666666667
0.5019607843137255
0.0
0.00392156862745098
0.0
0.0
0.0
0.0
0.0
0.00392156862745098
0.0
0.3686274509803922
1.0
0.9019607843137255
0.12156862745098039
0.0
0.00784313725490196
0.0
0.0
0.0
0.0
0.0
0.0
0.0
0.0
0.00392156862745098
0.0
0.047058823529411764
0.7568627450980392
0.5686274509803921
0.00784313725490196
0.00392156862745098
0.00392156862745098
0.0
0.0
0.0
0.0
0.00392156862745098
0.00392156862745098
0.20392156862745098
0.9176470588235294
0.9921568627450981
0.37254901960784315
0.0
0.00392156862745098
0.0
0.0
0.0
0.0
0.0
0.0
0.0
0.0
0.00392156862745098
0.0
0.047058823529411764
0.7137254901960784
0.788235294117647
0.043137254901960784
0.00392156862745098
0.00784313725490196
0.00392156862745098
0.00392156862745098
0.00392156862745098
0.00392156862745098
0.00392156862745098
0.011764705882352941
0.00392156862745098
0.5490196078431373
1.0
0.6274509803921569
0.0
0.0
0.0
0.0
0.0
0.0
0.0
0.0
0.0
0.0
0.0
0.011764705882352941
0.00392156862745098
0.47843137254901963
0.8470588235294118
0.043137254901960784
0.0
0.0
0.0
0.0
0.0
0.0
0.0
0.0
0.0
0.596078431372549
0.9921568627450981
0.33725490196078434
0.0
0.00392156862745098
0.0
0.0
0.0
0.0
0.0
0.0
0.0
0.0
0.0
0.011764705882352941
0.0
0.2901960784313726
0.8156862745098039
0.3058823529411765
0.10196078431372549
0.10588235294117647
0.0784313725490196
0.06274509803921569
0.058823529411764705
0.08627450980392157
0.09019607843137255
0.28627450980392155
0.5686274509803921
0.9725490196078431
1.0
0.24313725490196078
0.0
0.00784313725490196
0.0
0.0
0.0
0.0
0.0
0.0
0.0
0.0
0.0
0.0
0.00392156862745098
0.0196078431372549
0.1803921568627451
0.4627450980392157
0.8
0.8901960784313725
0.8470588235294118
0.7843137254901961
0.807843137254902
0.8666666666666667
0.8705882352941177
0.9098039215686274
0.984313725490196
0.792156862745098
0.42745098039215684
0.08235294117647059
0.0
0.00392156862745098
0.0
0.0
0.0
0.0
0.0
0.0
0.0
0.0
0.0
0.0
0.0
0.0
0.0
0.03529411764705882
0.3686274509803922
0.6745098039215687
0.6705882352941176
0.5803921568627451
0.6705882352941176
0.7098039215686275
0.6392156862745098
0.36470588235294116
0.2823529411764706
0.14901960784313725
0.0
0.0
0.0
0.0
0.0
0.0
0.0
0.0
0.0
0.0
0.0
0.0
0.0
0.0
0.0
0.0
0.00784313725490196
0.0
0.0
0.0
0.0
0.0
0.0
0.0
0.0
0.0
0.0
0.0
0.00392156862745098
0.0
0.0
0.0
0.0
0.0
0.0
0.0
0.0
0.0
0.0
0.0
0.0
0.0
0.0
0.0
0.0
0.0
0.00784313725490196
0.00784313725490196
0.00784313725490196
0.00784313725490196
0.00784313725490196
0.00784313725490196
0.00784313725490196
0.00784313725490196
0.00392156862745098
0.00392156862745098
0.0
0.0
0.0
0.0
0.0
0.0
0.0
0.0
0.0
0.0
0.0
0.0
0.0
0.0
0.0
0.0
0.0
0.0
0.0
0.0
0.0
0.0
0.0
0.0
0.0
0.0
0.0
0.0
0.0
0.0
0.0
0.0
0.0
0.0
0.0
0.0
0.0
0.0
0.0
0.0
0.0
0.0
0.0
0.0
0.0
0.0
0.0
0.0
0.0
0.0
0.0
0.0
0.0
0.0
0.0
0.0
0.0
0.0
0.0
0.0
0.0
0.0
0.0
0.0
0.0
0.0
0.0
0.0
0.0
0.0
0.0
0.0
0.0
0.0
0.0
0.0
0.0
0.0
0.0
0.0
0.0
0.0
0.0
0.0
0.0
0.0
0.0
0.0
0.0
0.0
0.0
0.0
0.0
0.0
0.0
0.0
0.0
0.0
0.0
0.0
0.0
0.0
0.0
0.0
0.0
0.0
0.0
0.0
0.0
0.0
0.0
0.0
0.0
0.0
0.0
0.0
0.0
0.0
0.0
0.0
0.0
0.0
0.0
0.0
0.0
0.0
0.0
0.0
0.0
0.0
0.0
0.0
0.0
0.0
0.0
0.0
0.0
0.0
0.0
0.0
0.0
0.0
0.0
0.0
0.0
0.0
0.0
0.0
