0.0
0.0
0.0
0.0
0.0
0.0
0.0
0.0
0.0
0.0
0.0
0.0
0.0
0.0
0.0
0.0
0.0
0.0
0.0
0.0
0.0
0.0
0.0
0.0
0.0
0.0
0.0
0.0
0.0
0.0
0.0
0.0
0.0
0.0
0.0
0.0
0.0
0.0
0.0
0.0
0.0
0.0
0.0
0.0
0.0
0.0
0.0
0.0
0.0
0.0
0.0
0.0
0.0
0.0
0.0
0.0
0.0
0.0
0.0
0.0
0.0
0.0
0.0
0.0
0.0
0.0
0.0
0.0
0.0
0.0
0.0
0.0
0.0
0.0
0.0
0.0
0.0
0.0
0.0
0.0
0.0
0.0
0.0
0.0
0.0
0.0
0.0
0.0
0.0
0.0
0.0
0.0
0.0
0.0
0.0
0.0
0.0
0.0
0.0
0.0
0.0
0.0
0.0
0.0
0.0
0.0
0.0
0.0
0.0
0.0
0.0
0.0
0.0
0.0
0.0
0.0
0.0
0.0
0.0
0.0
0.0
0.0
0.0
0.0
0.0
0.00392156862745098
0.011764705882352941
0.011764705882352941
0.01568627450980392
0.01568627450980392
0.01568627450980392
0.011764705882352941
0.00392156862745098
0.0
0.0
0.0
0.0
0.0
0.0
0.0
0.0
0.0
0.0
0.0
0.0
0.0
0.0
0.0
0.0
0.0
0.00392156862745098
0.00392156862745098
0.0
0.0
0.0
0.0
0.0
0.0
0.0
0.0
0.0
0.0
0.0
0.0
0.0
0.0
0.0
0.0
0.0
0.0
0.0
0.0
0.0
0.0
0.0
0.0
0.0
0.0
0.0
0.0
0.0
0.17254901960784313
0.5372549019607843
0.4470588235294118
0.5647058823529412
0.6313725490196078
0.6235294117647059
0.41568627450980394
0.054901960784313725
0.0
0.00392156862745098
0.0
0.0
0.0
0.0
0.0
0.0
0.0
0.0
0.0
0.0
0.0
0.0
0.0
0.00392156862745098
0.00784313725490196
0.1843137254901961
0.47843137254901963
0.6274509803921569
0.9529411764705882
1.0
1.0
1.0
1.0
1.0
0.9921568627450981
0.4
0.0
0.011764705882352941
0.0
0.0
0.0
0.0
0.0
0.0
0.0
0.0
0.0
0.0
0.0
0.0
0.00392156862745098
0.0
0.17647058823529413
0.9019607843137255
1.0
0.984313725490196
0.7725490196078432
0.5882352941176471
0.6078431372549019
0.4627450980392157
0.4588235294117647
0.9411764705882353
1.0
0.40784313725490196
0.0
0.011764705882352941
0.0
0.0
0.0
0.0
0.0
0.0
0.0
0.0
0.0
0.0
0.0
0.0
0.00392156862745098
0.0
0.1803921568627451
0.5176470588235295
0.32941176470588235
0.27450980392156865
0.06274509803921569
0.0
0.0
0.10980392156862745
0.6901960784313725
1.0
0.6509803921568628
0.09019607843137255
0.00392156862745098
0.00392156862745098
0.0
0.0
0.0
0.0
0.0
0.0
0.0
0.0
0.0
0.0
0.0
0.0
0.0
0.0
0.00784313725490196
0.0
0.0
0.0
0.0
0.0
0.19215686274509805
0.8156862745098039
1.0
0.6509803921568628
0.07450980392156863
0.0
0.00392156862745098
0.0
0.0
0.0
0.0
0.0
0.0
0.0
0.0
0.0
0.0
0.0
0.0
0.0
0.0
0.0
0.0
0.00392156862745098
0.01568627450980392
0.0196078431372549
0.011764705882352941
0.23137254901960785
0.8156862745098039
1.0
0.5843137254901961
0.07450980392156863
0.0
0.00784313725490196
0.0
0.0
0.0
0.0
0.0
0.0
0.0
0.0
0.0
0.0
0.0
0.0
0.0
0.0
0.0
0.0
0.0
0.00392156862745098
0.011764705882352941
0.0
0.1843137254901961
0.8549019607843137
0.9686274509803922
0.4392156862745098
0.0392156862745098
0.0
0.00784313725490196
0.0
0.0
0.0
0.0
0.0
0.0
0.0
0.0
0.0
0.0
0.0
0.0
0.0
0.0
0.0
0.0
0.0
0.00392156862745098
0.00392156862745098
0.0
0.21176470588235294
0.803921568627451
0.9725490196078431
0.403921568627451
0.0
0.0
0.00392156862745098
0.0
0.0
0.0
0.0
0.0
0.0
0.0
0.0
0.0
0.0
0.0
0.0
0.0
0.0
0.0
0.0
0.0
0.00392156862745098
0.00392156862745098
0.00784313725490196
0.32941176470588235
0.8549019607843137
0.9686274509803922
0.38823529411764707
0.0
0.00392156862745098
0.00392156862745098
0.0
0.0
0.0
0.00392156862745098
0.00392156862745098
0.00392156862745098
0.0
0.0
0.0
0.0
0.0
0.0
0.0
0.0
0.0
0.0
0.0
0.00392156862745098
0.00392156862745098
0.00784313725490196
0.4117647058823529
0.9333333333333333
0.8980392156862745
0.3411764705882353
0.0
0.00392156862745098
0.00392156862745098
0.0
0.0
0.00784313725490196
0.00784313725490196
0.0
0.0
0.0
0.0
0.0
0.0
0.0
0.0
0.0
0.0
0.0
0.0
0.0
0.0
0.0
0.0
0.4588235294117647
0.9803921568627451
0.8784313725490196
0.34901960784313724
0.0
0.00784313725490196
0.00784313725490196
0.00784313725490196
0.01568627450980392
0.01568627450980392
0.0
0.0
0.01568627450980392
0.09803921568627451
0.054901960784313725
0.0
0.0
0.0
0.0
0.0
0.0
0.0
0.0
0.0
0.0
0.00784313725490196
0.0
0.23529411764705882
0.9215686274509803
0.9333333333333333
0.35294117647058826
0.00392156862745098
0.01568627450980392
0.0
0.0
0.0
0.0
0.0
0.11372549019607843
0.34509803921568627
0.7098039215686275
0.8274509803921568
0.23137254901960785
0.0
0.00784313725490196
0.0
0.0
0.0
0.0
0.0
0.0
0.0
0.0
0.011764705882352941
0.0
0.6039215686274509
1.0
0.5725490196078431
0.0
0.0
0.0
0.00392156862745098
0.1607843137254902
0.29411764705882354
0.4823529411764706
0.5137254901960784
0.8196078431372549
0.9137254901960784
0.6941176470588235
0.29411764705882354
0.0
0.0
0.0
0.0
0.0
0.0
0.0
0.0
0.0
0.0
0.0
0.011764705882352941
0.0
0.6470588235294118
1.0
0.6980392156862745
0.34901960784313724
0.42745098039215684
0.6627450980392157
0.792156862745098
0.9176470588235294
0.9450980392156862
0.984313725490196
0.7254901960784313
0.43137254901960786
0.1607843137254902
0.023529411764705882
0.0
0.0
0.0
0.0
0.0
0.0
0.0
0.0
0.0
0.0
0.0
0.0
0.00392156862745098
0.0
0.1843137254901961
0.7803921568627451
0.9882352941176471
1.0
1.0
1.0
0.9019607843137255
0.7294117647058823
0.47843137254901963
0.2235294117647059
0.0
0.0
0.0
0.0
0.00784313725490196
0.0
0.0
0.0
0.0
0.0
0.0
0.0
0.0
0.0
0.0
0.0
0.0
0.0
0.0
0.09803921568627451
0.33725490196078434
0.47058823529411764
0.4666666666666667
0.33725490196078434
0.15294117647058825
0.0
0.0
0.0
0.0
0.00392156862745098
0.00784313725490196
0.00392156862745098
0.0
0.0
0.0
0.0
0.0
0.0
0.0
0.0
0.0
0.0
0.0
0.0
0.0
0.0
0.00392156862745098
0.0
0.0
0.0
0.0
0.0
0.0
0.00392156862745098
0.00784313725490196
0.00392156862745098
0.00392156862745098
0.0
0.0
0.0
0.0
0.0
0.0
0.0
0.0
0.0
0.0
0.0
0.0
0.0
0.0
0.0
0.0
0.0
0.0
0.00392156862745098
0.011764705882352941
0.01568627450980392
0.01568627450980392
0.011764705882352941
0.00784313725490196
0.0
0.0
0.0
0.0
0.0
0.0
0.0
0.0
0.0
0.0
0.0
0.0
0.0
0.0
0.0
0.0
0.0
0.0
0.0
0.0
0.0
0.0
0.0
0.0
0.0
0.0
0.0
0.0
0.0
0.0
0.0
0.0
0.0
0.0
0.0
0.0
0.0
0.0
0.0
0.0
0.0
0.0
0.0
0.0
0.0
0.0
0.0
0.0
0.0
0.0
0.0
0.0
0.0
0.0
0.0
0.0
0.0
0.0
0.0
0.0
0.0
0.0
0.0
0.0
0.0
0.0
0.0
0.0
0.0
0.0
0.0
0.0
0.0
0.0
0.0
0.0
0.0
0.0
0.0
0.0
0.0
0.0
0.0
0.0
0.0
0.0
0.0
0.0
0.0
0.0
0.0
0.0
0.0
0.0
0.0
0.0
0.0
0.0
0.0
0.0
0.0
0.0
0.0
0.0
0.0
0.0
0.0
0.0
0.0
0.0
0.0
0.0
0.0
0.0
0.0
0.0
0.0
0.0
0.0
0.0
0.0
0.0
0.0
0.0
0.0
