0.0
0.0
0.0
0.0
0.0
0.0
0.0
0.0
0.0
0.0
0.0
0.0
0.0
0.0
0.0
0.0
0.0
0.0
0.0
0.0
0.0
0.0
0.0
0.0
0.0
0.0
0.0
0.0
0.0
0.0
0.0
0.0
0.0
0.0
0.0
0.0
0.0
0.0
0.0
0.0
0.0
0.0
0.0
0.0
0.0
0.0
0.0
0.0
0.0
0.0
0.0
0.0
0.0
0.0
0.0
0.0
0.0
0.0
0.0
0.0
0.0
0.0
0.0
0.0
0.0
0.0
0.0
0.0
0.0
0.0
0.0
0.0
0.0
0.0
0.0
0.0
0.0
0.0
0.0
0.0
0.0
0.0
0.0
0.0
0.0
0.0
0.0
0.0
0.0
0.0
0.0
0.0
0.0
0.0
0.0
0.0
0.0
0.0
0.0
0.0
0.0
0.0
0.0
0.0
0.0
0.0
0.0
0.0
0.0
0.0
0.0
0.0
0.0
0.0
0.0
0.0
0.0
0.0
0.0
0.0
0.0
0.0
0.0
0.0
0.00784313725490196
0.011764705882352941
0.01568627450980392
0.011764705882352941
0.011764705882352941
0.011764705882352941
0.00392156862745098
0.0
0.0
0.0
0.0
0.0
0.0
0.0
0.0
0.0
0.0
0.0
0.0
0.0
0.0
0.0
0.0
0.0
0.0
0.0
0.00392156862745098
0.0
0.0
0.0
0.0
0.0
0.0
0.0
0.0
0.00392156862745098
0.0
0.0
0.0
0.0
0.0
0.0
0.0
0.0
0.0
0.0
0.0
0.0
0.0
0.0
0.0
0.0
0.0
0.0
0.0
0.0
0.1843137254901961
0.5294117647058824
0.6196078431372549
0.6235294117647059
0.6274509803921569
0.45098039215686275
0.1411764705882353
0.0
0.0
0.0
0.0
0.0
0.0
0.0
0.0
0.0
0.0
0.0
0.0
0.0
0.0
0.0
0.0
0.0
0.00392156862745098
0.011764705882352941
0.03137254901960784
0.4980392156862745
0.9294117647058824
1.0
1.0
0.596078431372549
0.42745098039215684
0.8117647058823529
0.8901960784313725
0.3607843137254902
0.027450980392156862
0.011764705882352941
0.00392156862745098
0.0
0.0
0.0
0.0
0.0
0.0
0.0
0.0
0.0
0.0
0.0
0.0
0.0
0.00784313725490196
0.0
0.3764705882352941
0.9921568627450981
0.9294117647058824
0.8431372549019608
0.6549019607843137
0.03529411764705882
0.0
0.2
0.9764705882352941
0.984313725490196
0.3254901960784314
0.0
0.00784313725490196
0.0
0.0
0.0
0.0
0.0
0.0
0.0
0.0
0.0
0.0
0.0
0.0
0.00784313725490196
0.00392156862745098
0.0784313725490196
0.7803921568627451
1.0
0.5450980392156862
0.1568627450980392
0.09803921568627451
0.00392156862745098
0.00784313725490196
0.0
0.4980392156862745
1.0
0.8392156862745098
0.21568627450980393
0.0
0.00392156862745098
0.0
0.0
0.0
0.0
0.0
0.0
0.0
0.0
0.0
0.0
0.00392156862745098
0.00392156862745098
0.0
0.6470588235294118
0.9882352941176471
0.9137254901960784
0.1568627450980392
0.0
0.0
0.0
0.00392156862745098
0.00392156862745098
0.047058823529411764
0.7254901960784313
1.0
0.5215686274509804
0.00392156862745098
0.00392156862745098
0.0
0.0
0.0
0.0
0.0
0.0
0.0
0.0
0.0
0.0
0.00784313725490196
0.0
0.17647058823529413
0.9411764705882353
1.0
0.4470588235294118
0.0
0.01568627450980392
0.00392156862745098
0.0
0.0
0.00392156862745098
0.0
0.3843137254901961
0.9607843137254902
0.7411764705882353
0.0
0.0
0.0
0.0
0.0
0.0
0.0
0.0
0.0
0.0
0.0
0.00392156862745098
0.00392156862745098
0.03137254901960784
0.6823529411764706
1.0
0.8235294117647058
0.13333333333333333
0.00392156862745098
0.00784313725490196
0.0
0.0
0.0
0.00392156862745098
0.00392156862745098
0.058823529411764705
0.7803921568627451
0.9607843137254902
0.2
0.0
0.00784313725490196
0.0
0.0
0.0
0.0
0.0
0.0
0.0
0.0
0.00784313725490196
0.0
0.20784313725490197
0.8862745098039215
0.9450980392156862
0.3215686274509804
0.0
0.00784313725490196
0.0
0.0
0.0
0.0
0.00392156862745098
0.00392156862745098
0.043137254901960784
0.7568627450980392
1.0
0.34509803921568627
0.0
0.00784313725490196
0.0
0.0
0.0
0.0
0.0
0.0
0.0
0.0
0.01568627450980392
0.0
0.44313725490196076
1.0
0.8431372549019608
0.07450980392156863
0.00392156862745098
0.00392156862745098
0.0
0.0
0.0
0.00392156862745098
0.011764705882352941
0.0
0.3686274509803922
0.9882352941176471
0.807843137254902
0.11372549019607843
0.0
0.00392156862745098
0.0
0.0
0.0
0.0
0.0
0.0
0.0
0.0
0.01568627450980392
0.0
0.45098039215686275
1.0
0.5686274509803921
0.0
0.00392156862745098
0.0
0.0
0.0
0.00392156862745098
0.00784313725490196
0.0
0.2823529411764706
0.8745098039215686
0.9254901960784314
0.26666666666666666
0.0
0.00784313725490196
0.0
0.0
0.0
0.0
0.0
0.0
0.0
0.0
0.0
0.01568627450980392
0.0
0.4470588235294118
0.996078431372549
0.5529411764705883
0.0
0.00784313725490196
0.0
0.00784313725490196
0.011764705882352941
0.0
0.0
0.30980392156862746
0.8784313725490196
1.0
0.592156862745098
0.0
0.00392156862745098
0.00392156862745098
0.0
0.0
0.0
0.0
0.0
0.0
0.0
0.0
0.0
0.01568627450980392
0.0
0.4666666666666667
1.0
0.8117647058823529
0.047058823529411764
0.0
0.00784313725490196
0.0
0.0
0.058823529411764705
0.4823529411764706
0.9450980392156862
1.0
0.8705882352941177
0.25882352941176473
0.00784313725490196
0.011764705882352941
0.0
0.0
0.0
0.0
0.0
0.0
0.0
0.0
0.0
0.0
0.011764705882352941
0.0
0.3254901960784314
0.9529411764705882
0.9647058823529412
0.5647058823529412
0.03529411764705882
0.0
0.1607843137254902
0.34509803921568627
0.6941176470588235
1.0
1.0
0.6509803921568628
0.2
0.0
0.00784313725490196
0.0
0.0
0.0
0.0
0.0
0.0
0.0
0.0
0.0
0.0
0.0
0.00392156862745098
0.0
0.08235294117647059
0.6
1.0
1.0
0.792156862745098
0.7647058823529411
0.8588235294117647
0.996078431372549
1.0
0.8588235294117647
0.403921568627451
0.023529411764705882
0.0
0.00784313725490196
0.0
0.0
0.0
0.0
0.0
0.0
0.0
0.0
0.0
0.0
0.0
0.0
0.0
0.00392156862745098
0.00392156862745098
0.023529411764705882
0.5294117647058824
0.9215686274509803
1.0
1.0
1.0
0.9058823529411765
0.47843137254901963
0.03529411764705882
0.0
0.0
0.00784313725490196
0.0
0.0
0.0
0.0
0.0
0.0
0.0
0.0
0.0
0.0
0.0
0.0
0.0
0.0
0.0
0.00392156862745098
0.0
0.0
0.24313725490196078
0.4588235294117647
0.44313725490196076
0.4588235294117647
0.21176470588235294
0.0
0.0
0.00392156862745098
0.00392156862745098
0.0
0.0
0.0
0.0
0.0
0.0
0.0
0.0
0.0
0.0
0.0
0.0
0.0
0.0
0.0
0.0
0.0
0.00392156862745098
0.00784313725490196
0.0
0.0
0.0
0.0
0.0
0.00784313725490196
0.00392156862745098
0.0
0.0
0.0
0.0
0.0
0.0
0.0
0.0
0.0
0.0
0.0
0.0
0.0
0.0
0.0
0.0
0.0
0.0
0.0
0.0
0.0
0.00784313725490196
0.01568627450980392
0.01568627450980392
0.01568627450980392
0.00784313725490196
0.0
0.0
0.0
0.0
0.0
0.0
0.0
0.0
0.0
0.0
0.0
0.0
0.0
0.0
0.0
0.0
0.0
0.0
0.0
0.0
0.0
0.0
0.0
0.0
0.0
0.0
0.0
0.0
0.0
0.0
0.0
0.0
0.0
0.0
0.0
0.0
0.0
0.0
0.0
0.0
0.0
0.0
0.0
0.0
0.0
0.0
0.0
0.0
0.0
0.0
0.0
0.0
0.0
0.0
0.0
0.0
0.0
0.0
0.0
0.0
0.0
0.0
0.0
0.0
0.0
0.0
0.0
0.0
0.0
0.0
0.0
0.0
0.0
0.0
0.0
0.0
0.0
0.0
0.0
0.0
0.0
0.0
0.0
0.0
0.0
0.0
0.0
0.0
0.0
0.0
0.0
0.0
0.0
0.0
0.0
0.0
0.0
0.0
0.0
0.0
0.0
0.0
0.0
0.0
0.0
0.0
0.0
0.0
0.0
0.0
0.0
0.0
0.0
0.0
0.0
0.0
0.0
0.0
0.0
0.0
0.0
0.0
0.0
0.0
0.0
