0.0
0.0
0.0
0.0
0.0
0.0
0.0
0.0
0.0
0.0
0.0
0.0
0.0
0.0
0.0
0.0
0.0
0.0
0.0
0.0
0.0
0.0
0.0
0.0
0.0
0.0
0.0
0.0
0.0
0.0
0.0
0.0
0.0
0.0
0.0
0.0
0.0
0.0
0.0
0.0
0.0
0.0
0.0
0.0
0.0
0.0
0.0
0.0
0.0
0.0
0.0
0.0
0.0
0.0
0.0
0.0
0.0
0.0
0.0
0.0
0.0
0.0
0.0
0.0
0.0
0.0
0.0
0.0
0.0
0.0
0.0
0.0
0.0
0.0
0.0
0.0
0.0
0.0
0.0
0.0
0.0
0.0
0.0
0.0
0.0
0.0
0.0
0.0
0.0
0.0
0.0
0.0
0.0
0.0
0.0
0.0
0.0
0.0
0.0
0.0
0.0
0.0
0.0
0.0
0.0
0.0
0.0
0.0
0.0
0.0
0.0
0.0
0.0
0.0
0.0
0.0
0.0
0.0
0.0
0.0
0.0
0.0
0.0
0.00392156862745098
0.00784313725490196
0.011764705882352941
0.01568627450980392
0.011764705882352941
0.00392156862745098
0.0
0.0
0.0
0.0
0.0
0.0
0.0
0.0
0.0
0.0
0.0
0.0
0.0
0.0
0.0
0.0
0.0
0.0
0.0
0.0
0.0
0.00392156862745098
0.0
0.0
0.0
0.0
0.0
0.0
0.0
0.0
0.0
0.0
0.0
0.0
0.0
0.0
0.0
0.0
0.0
0.0
0.0
0.0
0.0
0.0
0.0
0.0
0.0
0.0
0.00392156862745098
0.0
0.11372549019607843
0.3058823529411765
0.4549019607843137
0.611764705882353
0.3764705882352941
0.050980392156862744
0.0
0.011764705882352941
0.0
0.0
0.0
0.0
0.0
0.0
0.0
0.0
0.0
0.0
0.0
0.0
0.0
0.0
0.0
0.0
0.0
0.00784313725490196
0.00784313725490196
0.2549019607843137
0.7803921568627451
0.9647058823529412
1.0
1.0
1.0
0.7764705882352941
0.37254901960784315
0.0
0.00392156862745098
0.00392156862745098
0.0
0.0
0.0
0.0
0.0
0.0
0.0
0.0
0.0
0.0
0.0
0.0
0.0
0.0
0.00392156862745098
0.0
0.2235294117647059
0.8784313725490196
1.0
0.9647058823529412
0.6274509803921569
0.6431372549019608
0.9098039215686274
1.0
0.8431372549019608
0.2549019607843137
0.0
0.00784313725490196
0.00392156862745098
0.0
0.0
0.0
0.0
0.0
0.0
0.0
0.0
0.0
0.0
0.0
0.0
0.00392156862745098
0.0
0.11764705882352941
0.7450980392156863
1.0
0.9333333333333333
0.3843137254901961
0.0
0.011764705882352941
0.2235294117647059
0.6745098039215687
1.0
0.9058823529411765
0.3607843137254902
0.0
0.00392156862745098
0.0
0.0
0.0
0.0
0.0
0.0
0.0
0.0
0.0
0.0
0.0
0.0
0.00784313725490196
0.00784313725490196
0.4392156862745098
1.0
0.9568627450980393
0.396078431372549
0.0
0.00784313725490196
0.00392156862745098
0.0
0.09411764705882353
0.6862745098039216
1.0
0.8901960784313725
0.25098039215686274
0.01568627450980392
0.011764705882352941
0.0
0.0
0.0
0.0
0.0
0.0
0.0
0.0
0.0
0.0
0.00392156862745098
0.0
0.13725490196078433
0.807843137254902
1.0
0.6980392156862745
0.047058823529411764
0.00392156862745098
0.00392156862745098
0.00392156862745098
0.011764705882352941
0.0
0.12156862745098039
0.7333333333333333
1.0
0.8274509803921568
0.14901960784313725
0.0
0.00392156862745098
0.0
0.0
0.0
0.0
0.0
0.0
0.0
0.0
0.0
0.00784313725490196
0.0
0.21568627450980393
0.9058823529411765
0.9254901960784314
0.2549019607843137
0.0
0.00784313725490196
0.0
0.0
0.0
0.00784313725490196
0.0
0.10980392156862745
0.7254901960784313
1.0
0.6901960784313725
0.1450980392156863
0.0
0.00392156862745098
0.0
0.0
0.0
0.0
0.0
0.0
0.0
0.0
0.011764705882352941
0.0
0.2549019607843137
0.9490196078431372
0.8588235294117647
0.09803921568627451
0.0
0.00392156862745098
0.0
0.0
0.0
0.0
0.00784313725490196
0.0
0.1568627450980392
0.8431372549019608
1.0
0.3411764705882353
0.0
0.00784313725490196
0.0
0.0
0.0
0.0
0.0
0.0
0.0
0.0
0.011764705882352941
0.0
0.24705882352941178
0.9411764705882353
0.8823529411764706
0.1450980392156863
0.00392156862745098
0.00392156862745098
0.0
0.0
0.0
0.0
0.00392156862745098
0.00784313725490196
0.0196078431372549
0.6549019607843137
0.9921568627450981
0.5137254901960784
0.0
0.00784313725490196
0.0
0.0
0.0
0.0
0.0
0.0
0.0
0.0
0.00784313725490196
0.0
0.21568627450980393
0.8901960784313725
0.9686274509803922
0.3843137254901961
0.0
0.01568627450980392
0.0
0.0
0.0
0.0
0.0
0.011764705882352941
0.00392156862745098
0.4745098039215686
1.0
0.6784313725490196
0.0
0.011764705882352941
0.0
0.0
0.0
0.0
0.0
0.0
0.0
0.0
0.0
0.00784313725490196
0.043137254901960784
0.611764705882353
1.0
0.6823529411764706
0.027450980392156862
0.0
0.011764705882352941
0.00784313725490196
0.00392156862745098
0.00392156862745098
0.00392156862745098
0.01568627450980392
0.0
0.5137254901960784
1.0
0.5254901960784314
0.0
0.011764705882352941
0.0
0.0
0.0
0.0
0.0
0.0
0.0
0.0
0.0
0.00784313725490196
0.0
0.29411764705882354
0.9647058823529412
0.9607843137254902
0.5843137254901961
0.14901960784313725
0.0
0.0
0.0
0.0
0.0
0.0
0.07058823529411765
0.7725490196078432
0.9921568627450981
0.2980392156862745
0.0
0.00784313725490196
0.0
0.0
0.0
0.0
0.0
0.0
0.0
0.0
0.0
0.0
0.00784313725490196
0.03137254901960784
0.5372549019607843
1.0
1.0
0.807843137254902
0.4235294117647059
0.17647058823529413
0.09803921568627451
0.11372549019607843
0.10196078431372549
0.12941176470588237
0.5647058823529412
0.9803921568627451
0.796078431372549
0.06666666666666667
0.0
0.0
0.0
0.0
0.0
0.0
0.0
0.0
0.0
0.0
0.0
0.0
0.00392156862745098
0.0
0.0392156862745098
0.43529411764705883
0.8235294117647058
1.0
1.0
0.9058823529411765
0.8588235294117647
0.8705882352941177
0.8666666666666667
0.9019607843137255
1.0
0.8980392156862745
0.3176470588235294
0.0
0.00392156862745098
0.0
0.0
0.0
0.0
0.0
0.0
0.0
0.0
0.0
0.0
0.0
0.0
0.0
0.0
0.0
0.08235294117647059
0.41568627450980394
0.7098039215686275
0.9176470588235294
0.9372549019607843
0.9333333333333333
0.9333333333333333
0.7764705882352941
0.4980392156862745
0.18823529411764706
0.0
0.00392156862745098
0.0
0.0
0.0
0.0
0.0
0.0
0.0
0.0
0.0
0.0
0.0
0.0
0.0
0.0
0.00392156862745098
0.00392156862745098
0.0
0.0
0.03137254901960784
0.19607843137254902
0.2196078431372549
0.21568627450980393
0.20784313725490197
0.011764705882352941
0.0
0.0
0.0
0.0
0.0
0.0
0.0
0.0
0.0
0.0
0.0
0.0
0.0
0.0
0.0
0.0
0.0
0.0
0.0
0.0
0.00392156862745098
0.00784313725490196
0.0
0.0
0.0
0.0
0.0
0.0
0.00784313725490196
0.00392156862745098
0.0
0.0
0.0
0.0
0.0
0.0
0.0
0.0
0.0
0.0
0.0
0.0
0.0
0.0
0.0
0.0
0.0
0.0
0.0
0.0
0.00392156862745098
0.00784313725490196
0.00784313725490196
0.00784313725490196
0.00784313725490196
0.00392156862745098
0.0
0.0
0.0
0.0
0.0
0.0
0.0
0.0
0.0
0.0
0.0
0.0
0.0
0.0
0.0
0.0
0.0
0.0
0.0
0.0
0.0
0.0
0.0
0.0
0.0
0.0
0.0
0.0
0.0
0.0
0.0
0.0
0.0
0.0
0.0
0.0
0.0
0.0
0.0
0.0
0.0
0.0
0.0
0.0
0.0
0.0
0.0
0.0
0.0
0.0
0.0
0.0
0.0
0.0
0.0
0.0
0.0
0.0
0.0
0.0
0.0
0.0
0.0
0.0
0.0
0.0
0.0
0.0
0.0
0.0
0.0
0.0
0.0
0.0
0.0
0.0
0.0
0.0
0.0
0.0
0.0
0.0
0.0
0.0
0.0
0.0
0.0
0.0
0.0
0.0
0.0
0.0
0.0
0.0
0.0
0.0
0.0
0.0
0.0
0.0
0.0
0.0
0.0
0.0
0.0
0.0
0.0
0.0
0.0
0.0
0.0
0.0
0.0
0.0
0.0
0.0
0.0
0.0
0.0
0.0
0.0
