0.0
0.0
0.0
0.0
0.0
0.0
0.0
0.0
0.0
0.0
0.0
0.0
0.0
0.0
0.0
0.0
0.0
0.0
0.0
0.0
0.0
0.0
0.0
0.0
0.0
0.0
0.0
0.0
0.0
0.0
0.0
0.0
0.0
0.0
0.0
0.0
0.0
0.0
0.0
0.0
0.0
0.0
0.0
0.0
0.0
0.0
0.0
0.0
0.0
0.0
0.0
0.0
0.0
0.0
0.0
0.0
0.0
0.0
0.0
0.0
0.0
0.0
0.0
0.0
0.0
0.0
0.0
0.0
0.0
0.0
0.0
0.0
0.0
0.0
0.0
0.0
0.0
0.0
0.0
0.0
0.0
0.0
0.0
0.0
0.0
0.0
0.0
0.0
0.0
0.0
0.0
0.0
0.0
0.0
0.0
0.0
0.0
0.0
0.0
0.0
0.0
0.0
0.0
0.0
0.0
0.0
0.0
0.0
0.0
0.0
0.0
0.0
0.0
0.0
0.0
0.0
0.0
0.0
0.0
0.0
0.0
0.0
0.0
0.0
0.0
0.0
0.0
0.0
0.0
0.0
0.0
0.0
0.0
0.0
0.0
0.0
0.0
0.0
0.0
0.0
0.0
0.0
0.0
0.0
0.0
0.0
0.0
0.0
0.0
0.0
0.0
0.0
0.0
0.0
0.0
0.0
0.0
0.0
0.0
0.0
0.0
0.0
0.0
0.0
0.0
0.0
0.0
0.0
0.0
0.0
0.0
0.0
0.0
0.0
0.0
0.00392156862745098
0.00392156862745098
0.0
0.0
0.0
0.0
0.0
0.0
0.0
0.0
0.00392156862745098
0.011764705882352941
0.00392156862745098
0.0
0.0
0.0
0.0
0.0
0.0
0.0
0.0
0.0
0.0
0.0
0.0
0.0
0.0
0.00392156862745098
0.0
0.0
0.00392156862745098
0.0
0.0
0.0
0.0
0.0
0.0
0.0
0.0
0.0
0.0
0.0
0.0
0.0
0.0
0.0
0.0
0.0
0.0
0.0
0.0
0.0
0.0
0.0
0.0
0.0
0.058823529411764705
0.058823529411764705
0.0
0.0
0.0
0.0
0.0
0.0
0.0
0.0
0.050980392156862744
0.22745098039215686
0.07450980392156863
0.0
0.0
0.0
0.0
0.0
0.0
0.0
0.0
0.0
0.0
0.0
0.0
0.00392156862745098
0.0
0.07450980392156863
0.6705882352941176
0.6862745098039216
0.13333333333333333
0.0
0.00392156862745098
0.0
0.0
0.0
0.00784313725490196
0.0
0.3411764705882353
0.9254901960784314
0.6470588235294118
0.08627450980392157
0.0
0.00392156862745098
0.0
0.0
0.0
0.0
0.0
0.0
0.0
0.0
0.0
0.0
0.00392156862745098
0.4196078431372549
1.0
1.0
0.3254901960784314
0.00392156862745098
0.00784313725490196
0.011764705882352941
0.011764705882352941
0.011764705882352941
0.027450980392156862
0.011764705882352941
0.5686274509803921
1.0
0.8509803921568627
0.1607843137254902
0.0
0.00784313725490196
0.0
0.0
0.0
0.0
0.0
0.0
0.0
0.0
0.00392156862745098
0.0
0.03529411764705882
0.8
0.996078431372549
0.6980392156862745
0.12156862745098039
0.0
0.0
0.0
0.0
0.0
0.0
0.0
0.2784313725490196
0.984313725490196
0.7098039215686275
0.0196078431372549
0.00392156862745098
0.0
0.0
0.0
0.0
0.0
0.0
0.0
0.0
0.0
0.00392156862745098
0.0
0.050980392156862744
0.9019607843137255
1.0
0.34901960784313724
0.0
0.06666666666666667
0.058823529411764705
0.34901960784313724
0.4392156862745098
0.42745098039215684
0.43137254901960786
0.42745098039215684
0.5490196078431373
0.9647058823529412
0.9019607843137255
0.21568627450980393
0.0
0.00784313725490196
0.0
0.0
0.0
0.0
0.0
0.0
0.0
0.0
0.00392156862745098
0.0
0.050980392156862744
0.9098039215686274
0.9921568627450981
0.6470588235294118
0.5137254901960784
0.8274509803921568
0.8235294117647058
0.984313725490196
1.0
1.0
1.0
1.0
1.0
0.9803921568627451
1.0
0.7019607843137254
0.07450980392156863
0.0
0.00392156862745098
0.0
0.0
0.0
0.0
0.0
0.0
0.0
0.00392156862745098
0.0
0.0392156862745098
0.8549019607843137
1.0
1.0
1.0
1.0
1.0
0.8156862745098039
0.8
0.807843137254902
0.792156862745098
0.6941176470588235
0.807843137254902
0.9764705882352941
1.0
0.6588235294117647
0.043137254901960784
0.0
0.00392156862745098
0.0
0.0
0.0
0.0
0.0
0.0
0.0
0.0
0.00392156862745098
0.00392156862745098
0.30980392156862746
0.7607843137254902
0.7764705882352941
0.8627450980392157
0.8392156862745098
0.32941176470588235
0.13333333333333333
0.12156862745098039
0.12549019607843137
0.12156862745098039
0.058823529411764705
0.2549019607843137
0.8823529411764706
1.0
0.5882352941176471
0.01568627450980392
0.0
0.00392156862745098
0.0
0.0
0.0
0.0
0.0
0.0
0.0
0.0
0.0
0.0
0.0
0.0784313725490196
0.09019607843137255
0.17647058823529413
0.24313725490196078
0.0
0.0
0.0
0.0
0.0
0.0
0.011764705882352941
0.403921568627451
0.996078431372549
0.6784313725490196
0.050980392156862744
0.0
0.00392156862745098
0.0
0.0
0.0
0.0
0.0
0.0
0.0
0.0
0.0
0.0
0.00392156862745098
0.0
0.0
0.0
0.0
0.011764705882352941
0.00784313725490196
0.00392156862745098
0.00784313725490196
0.00392156862745098
0.011764705882352941
0.0
0.20392156862745098
0.9764705882352941
0.9803921568627451
0.16862745098039217
0.0
0.00784313725490196
0.0
0.0
0.0
0.0
0.0
0.0
0.0
0.0
0.0
0.0
0.0
0.00392156862745098
0.00392156862745098
0.00392156862745098
0.00392156862745098
0.0
0.0
0.0
0.0
0.0
0.00784313725490196
0.0
0.2235294117647059
0.9725490196078431
1.0
0.17647058823529413
0.0
0.00784313725490196
0.0
0.0
0.0
0.0
0.0
0.0
0.0
0.0
0.0
0.0
0.0
0.0
0.0
0.0
0.0
0.0
0.0
0.0
0.0
0.0
0.00784313725490196
0.0
0.2235294117647059
0.9921568627450981
0.8666666666666667
0.12156862745098039
0.0
0.00784313725490196
0.0
0.0
0.0
0.0
0.0
0.0
0.0
0.0
0.0
0.0
0.0
0.0
0.0
0.0
0.0
0.0
0.0
0.0
0.0
0.0
0.00784313725490196
0.0
0.19607843137254902
1.0
0.596078431372549
0.0196078431372549
0.0
0.00392156862745098
0.0
0.0
0.0
0.0
0.0
0.0
0.0
0.0
0.0
0.0
0.0
0.0
0.0
0.0
0.0
0.0
0.0
0.0
0.0
0.0
0.0
0.0
0.054901960784313725
0.4196078431372549
0.2235294117647059
0.0
0.00392156862745098
0.0
0.0
0.0
0.0
0.0
0.0
0.0
0.0
0.0
0.0
0.0
0.0
0.0
0.0
0.0
0.0
0.0
0.0
0.0
0.0
0.0
0.0
0.0
0.0
0.0
0.0
0.0
0.0
0.0
0.0
0.0
0.0
0.0
0.0
0.0
0.0
0.0
0.0
0.0
0.0
0.0
0.0
0.0
0.0
0.0
0.0
0.0
0.0
0.0
0.0
0.0
0.0
0.00784313725490196
0.00392156862745098
0.0
0.0
0.0
0.0
0.0
0.0
0.0
0.0
0.0
0.0
0.0
0.0
0.0
0.0
0.0
0.0
0.0
0.0
0.0
0.0
0.0
0.0
0.0
0.0
0.0
0.0
0.0
0.0
0.0
0.0
0.0
0.0
0.0
0.0
0.0
0.0
0.0
0.0
0.0
0.0
0.0
0.0
0.0
0.0
0.0
0.0
0.0
0.0
0.0
0.0
0.0
0.0
0.0
0.0
0.0
0.0
0.0
0.0
0.0
0.0
0.0
0.0
0.0
0.0
0.0
0.0
0.0
0.0
0.0
0.0
0.0
0.0
0.0
0.0
0.0
0.0
0.0
0.0
0.0
0.0
0.0
0.0
0.0
0.0
0.0
0.0
0.0
0.0
0.0
0.0
0.0
0.0
0.0
0.0
0.0
0.0
0.0
0.0
0.0
0.0
0.0
0.0
0.0
0.0
0.0
0.0
0.0
0.0
0.0
0.0
0.0
0.0
0.0
0.0
0.0
0.0
0.0
0.0
0.0
