0.0
0.0
0.0
0.0
0.0
0.0
0.0
0.0
0.0
0.0
0.0
0.0
0.0
0.0
0.0
0.0
0.0
0.0
0.0
0.0
0.0
0.0
0.0
0.0
0.0
0.0
0.0
0.0
0.0
0.0
0.0
0.0
0.0
0.0
0.0
0.0
0.0
0.0
0.0
0.0
0.0
0.0
0.0
0.0
0.0
0.0
0.0
0.0
0.0
0.0
0.0
0.0
0.0
0.0
0.0
0.0
0.0
0.0
0.0
0.0
0.0
0.0
0.0
0.0
0.0
0.0
0.0
0.0
0.0
0.0
0.0
0.0
0.0
0.0
0.0
0.0
0.0
0.0
0.0
0.0
0.0
0.0
0.0
0.0
0.0
0.0
0.0
0.0
0.0
0.0
0.0
0.0
0.0
0.0
0.0
0.0
0.0
0.0
0.0
0.0
0.0
0.0
0.0
0.0
0.0
0.0
0.0
0.0
0.0
0.0
0.0
0.0
0.0
0.0
0.0
0.0
0.0
0.0
0.0
0.0
0.0
0.0
0.0
0.0
0.0
0.0
0.00392156862745098
0.00784313725490196
0.01568627450980392
0.00392156862745098
0.0
0.0
0.0
0.0
0.0
0.0
0.0
0.0
0.0
0.0
0.0
0.0
0.0
0.0
0.0
0.0
0.0
0.0
0.0
0.0
0.0
0.0
0.0
0.00392156862745098
0.0
0.0
0.0
0.0
0.00392156862745098
0.0
0.0
0.0
0.0
0.0
0.0
0.0
0.0
0.0
0.0
0.0
0.0
0.0
0.0
0.0
0.0
0.0
0.0
0.0
0.0
0.00392156862745098
0.00392156862745098
0.0
0.058823529411764705
0.37254901960784315
0.5843137254901961
0.16470588235294117
0.0
0.00392156862745098
0.0
0.0
0.0
0.0
0.0
0.0
0.0
0.0
0.0
0.0
0.0
0.0
0.0
0.0
0.0
0.0
0.0
0.0
0.00392156862745098
0.00392156862745098
0.00392156862745098
0.2
0.7176470588235294
0.9686274509803922
1.0
0.5686274509803921
0.06666666666666667
0.011764705882352941
0.00392156862745098
0.0
0.0
0.0
0.0
0.0
0.0
0.0
0.0
0.0
0.0
0.0
0.0
0.0
0.0
0.0
0.0
0.00392156862745098
0.0
0.027450980392156862
0.5019607843137255
0.8235294117647058
0.9921568627450981
1.0
0.9568627450980393
0.9647058823529412
0.7568627450980392
0.30980392156862746
0.00784313725490196
0.00392156862745098
0.0
0.0
0.0
0.0
0.0
0.0
0.0
0.0
0.0
0.0
0.0
0.0
0.0
0.0
0.00392156862745098
0.00392156862745098
0.03529411764705882
0.5490196078431373
0.996078431372549
1.0
1.0
0.5294117647058824
0.47843137254901963
0.9568627450980393
1.0
0.8745098039215686
0.32941176470588235
0.0
0.00392156862745098
0.0
0.0
0.0
0.0
0.0
0.0
0.0
0.0
0.0
0.0
0.0
0.0
0.00392156862745098
0.00392156862745098
0.011764705882352941
0.5254901960784314
0.9882352941176471
1.0
0.8901960784313725
0.5058823529411764
0.0392156862745098
0.01568627450980392
0.36470588235294116
0.9490196078431372
1.0
0.6313725490196078
0.0392156862745098
0.0
0.00392156862745098
0.0
0.0
0.0
0.0
0.0
0.0
0.0
0.0
0.0
0.0
0.0
0.00784313725490196
0.0
0.30980392156862746
0.9725490196078431
1.0
0.796078431372549
0.20392156862745098
0.0
0.00784313725490196
0.0
0.03529411764705882
0.6
1.0
0.9607843137254902
0.3568627450980392
0.0
0.00392156862745098
0.0
0.0
0.0
0.0
0.0
0.0
0.0
0.0
0.0
0.0
0.00784313725490196
0.0
0.20784313725490197
0.8588235294117647
1.0
0.8
0.1803921568627451
0.0
0.00784313725490196
0.0
0.00784313725490196
0.0
0.11372549019607843
0.8509803921568627
1.0
0.45098039215686275
0.0
0.00392156862745098
0.0
0.0
0.0
0.0
0.0
0.0
0.0
0.0
0.0
0.00392156862745098
0.0
0.043137254901960784
0.6431372549019608
1.0
0.9686274509803922
0.2901960784313726
0.0
0.01568627450980392
0.0
0.0
0.00392156862745098
0.0
0.043137254901960784
0.6823529411764706
1.0
0.6549019607843137
0.0
0.0
0.0
0.0
0.0
0.0
0.0
0.0
0.0
0.0
0.0
0.00784313725490196
0.00784313725490196
0.44313725490196076
0.996078431372549
0.9411764705882353
0.43137254901960786
0.0
0.00392156862745098
0.00392156862745098
0.0
0.0
0.00392156862745098
0.00392156862745098
0.043137254901960784
0.6862745098039216
1.0
0.8549019607843137
0.011764705882352941
0.0
0.00392156862745098
0.0
0.0
0.0
0.0
0.0
0.0
0.0
0.00392156862745098
0.0
0.0392156862745098
0.6784313725490196
1.0
0.8117647058823529
0.03529411764705882
0.0
0.00392156862745098
0.0
0.0
0.00784313725490196
0.011764705882352941
0.0
0.023529411764705882
0.6745098039215687
1.0
0.8549019607843137
0.011764705882352941
0.0
0.00392156862745098
0.0
0.0
0.0
0.0
0.0
0.0
0.0
0.011764705882352941
0.0
0.1843137254901961
0.9529411764705882
0.9882352941176471
0.48627450980392156
0.0196078431372549
0.011764705882352941
0.00784313725490196
0.00784313725490196
0.00784313725490196
0.0
0.0
0.00784313725490196
0.3176470588235294
0.8196078431372549
0.996078431372549
0.6784313725490196
0.00392156862745098
0.0
0.0
0.0
0.0
0.0
0.0
0.0
0.0
0.0
0.011764705882352941
0.0
0.1803921568627451
0.9490196078431372
0.9529411764705882
0.1843137254901961
0.0
0.0
0.0
0.0
0.0
0.13333333333333333
0.3254901960784314
0.5843137254901961
0.9098039215686274
1.0
0.9803921568627451
0.2980392156862745
0.0
0.00392156862745098
0.0
0.0
0.0
0.0
0.0
0.0
0.0
0.0
0.00392156862745098
0.0
0.058823529411764705
0.7372549019607844
1.0
0.7215686274509804
0.3843137254901961
0.25098039215686274
0.2549019607843137
0.3254901960784314
0.5568627450980392
0.807843137254902
0.9647058823529412
1.0
1.0
0.9411764705882353
0.5176470588235295
0.0392156862745098
0.0
0.00392156862745098
0.0
0.0
0.0
0.0
0.0
0.0
0.0
0.0
0.0
0.00784313725490196
0.00784313725490196
0.4196078431372549
0.9764705882352941
1.0
0.9647058823529412
0.9058823529411765
0.9254901960784314
0.9607843137254902
1.0
1.0
0.996078431372549
0.9764705882352941
0.8666666666666667
0.3254901960784314
0.00784313725490196
0.0
0.0
0.0
0.0
0.0
0.0
0.0
0.0
0.0
0.0
0.0
0.0
0.00392156862745098
0.0
0.043137254901960784
0.38823529411764707
0.8666666666666667
1.0
1.0
1.0
0.9764705882352941
0.7686274509803922
0.611764705882353
0.48627450980392156
0.43137254901960786
0.20392156862745098
0.0
0.00392156862745098
0.00392156862745098
0.0
0.0
0.0
0.0
0.0
0.0
0.0
0.0
0.0
0.0
0.0
0.0
0.0
0.0
0.0
0.19607843137254902
0.4549019607843137
0.4470588235294118
0.3411764705882353
0.30980392156862746
0.09019607843137255
0.0
0.0
0.0
0.0
0.00392156862745098
0.00392156862745098
0.0
0.0
0.0
0.0
0.0
0.0
0.0
0.0
0.0
0.0
0.0
0.0
0.0
0.0
0.0
0.00784313725490196
0.0
0.0
0.0
0.0
0.0
0.0
0.00784313725490196
0.00784313725490196
0.00784313725490196
0.00392156862745098
0.0
0.0
0.0
0.0
0.0
0.0
0.0
0.0
0.0
0.0
0.0
0.0
0.0
0.0
0.0
0.0
0.0
0.0
0.00784313725490196
0.01568627450980392
0.01568627450980392
0.011764705882352941
0.011764705882352941
0.00392156862745098
0.0
0.0
0.0
0.0
0.0
0.0
0.0
0.0
0.0
0.0
0.0
0.0
0.0
0.0
0.0
0.0
0.0
0.0
0.0
0.0
0.0
0.0
0.0
0.0
0.0
0.0
0.0
0.0
0.0
0.0
0.0
0.0
0.0
0.0
0.0
0.0
0.0
0.0
0.0
0.0
0.0
0.0
0.0
0.0
0.0
0.0
0.0
0.0
0.0
0.0
0.0
0.0
0.0
0.0
0.0
0.0
0.0
0.0
0.0
0.0
0.0
0.0
0.0
0.0
0.0
0.0
0.0
0.0
0.0
0.0
0.0
0.0
0.0
0.0
0.0
0.0
0.0
0.0
0.0
0.0
0.0
0.0
0.0
0.0
0.0
0.0
0.0
0.0
0.0
0.0
0.0
0.0
0.0
0.0
0.0
0.0
0.0
0.0
0.0
0.0
0.0
0.0
0.0
0.0
0.0
0.0
0.0
0.0
0.0
0.0
0.0
0.0
0.0
0.0
0.0
0.0
0.0
0.0
0.0
0.0
0.0
0.0
0.0
0.0
0.0
