0.0
0.0
0.0
0.0
0.0
0.0
0.0
0.0
0.0
0.0
0.0
0.0
0.0
0.0
0.0
0.0
0.0
0.0
0.0
0.0
0.0
0.0
0.0
0.0
0.0
0.0
0.0
0.0
0.0
0.0
0.0
0.0
0.0
0.0
0.0
0.0
0.0
0.0
0.0
0.0
0.0
0.0
0.0
0.0
0.0
0.0
0.0
0.0
0.0
0.0
0.0
0.0
0.0
0.0
0.0
0.0
0.0
0.0
0.0
0.0
0.0
0.0
0.0
0.0
0.0
0.0
0.0
0.0
0.0
0.0
0.0
0.0
0.0
0.0
0.0
0.0
0.0
0.0
0.0
0.0
0.0
0.0
0.0
0.0
0.0
0.0
0.0
0.0
0.0
0.0
0.0
0.0
0.0
0.0
0.0
0.0
0.0
0.0
0.0
0.0
0.0
0.0
0.0
0.0
0.0
0.0
0.0
0.0
0.0
0.0
0.0
0.0
0.0
0.0
0.0
0.0
0.0
0.0
0.0
0.0
0.0
0.0
0.0
0.0
0.0
0.00392156862745098
0.011764705882352941
0.011764705882352941
0.0
0.0
0.0
0.0
0.0
0.0
0.0
0.0
0.0
0.0
0.0
0.0
0.0
0.0
0.0
0.0
0.0
0.0
0.0
0.0
0.0
0.0
0.0
0.0
0.0
0.0
0.0
0.0
0.0
0.0
0.0
0.0
0.0
0.0
0.0
0.0
0.0
0.0
0.0
0.0
0.0
0.0
0.0
0.0
0.0
0.0
0.0
0.0
0.0
0.0
0.0
0.00784313725490196
0.00392156862745098
0.13333333333333333
0.5647058823529412
0.4588235294117647
0.043137254901960784
0.00392156862745098
0.00392156862745098
0.0
0.0
0.0
0.0
0.0
0.0
0.0
0.0
0.0
0.0
0.0
0.0
0.0
0.0
0.0
0.0
0.0
0.0
0.0
0.00392156862745098
0.0
0.0
0.4980392156862745
1.0
0.9411764705882353
0.21568627450980393
0.0
0.011764705882352941
0.0
0.0
0.0
0.0
0.0
0.0
0.0
0.0
0.0
0.0
0.0
0.0
0.0
0.0
0.0
0.0
0.0
0.0
0.00392156862745098
0.00784313725490196
0.08235294117647059
0.38823529411764707
0.9137254901960784
0.984313725490196
0.9254901960784314
0.34901960784313724
0.06666666666666667
0.0
0.0
0.0
0.0
0.0
0.0
0.0
0.0
0.0
0.0
0.0
0.0
0.0
0.0
0.0
0.0
0.0
0.0
0.0
0.01568627450980392
0.0
0.5490196078431373
0.9568627450980393
0.9803921568627451
0.9882352941176471
0.9921568627450981
0.8745098039215686
0.7058823529411765
0.17254901960784313
0.0
0.00392156862745098
0.0
0.0
0.0
0.0
0.0
0.0
0.0
0.0
0.0
0.0
0.0
0.0
0.0
0.0
0.0
0.00784313725490196
0.0
0.23921568627450981
0.9372549019607843
0.996078431372549
0.9882352941176471
0.9882352941176471
0.8588235294117647
0.8823529411764706
1.0
0.7843137254901961
0.0196078431372549
0.0
0.00392156862745098
0.0
0.0
0.0
0.0
0.0
0.0
0.0
0.0
0.0
0.0
0.0
0.0
0.0
0.00392156862745098
0.0
0.09803921568627451
0.6666666666666666
0.996078431372549
0.9921568627450981
0.9725490196078431
0.5607843137254902
0.19607843137254902
0.2
0.7764705882352941
1.0
0.4235294117647059
0.027450980392156862
0.00784313725490196
0.0
0.0
0.0
0.0
0.0
0.0
0.0
0.0
0.0
0.0
0.0
0.0
0.0
0.00784313725490196
0.0
0.3137254901960784
1.0
1.0
0.8
0.3176470588235294
0.047058823529411764
0.0
0.0
0.396078431372549
0.9568627450980393
0.9450980392156862
0.3254901960784314
0.0
0.00784313725490196
0.0
0.0
0.0
0.0
0.0
0.0
0.0
0.0
0.0
0.0
0.0
0.0
0.00784313725490196
0.0
0.2901960784313726
0.996078431372549
0.807843137254902
0.22745098039215686
0.0
0.0
0.011764705882352941
0.00784313725490196
0.08627450980392157
0.7372549019607844
1.0
0.5333333333333333
0.01568627450980392
0.00784313725490196
0.0
0.0
0.0
0.0
0.0
0.0
0.0
0.0
0.0
0.0
0.0
0.0
0.00392156862745098
0.0
0.3764705882352941
1.0
0.3176470588235294
0.0
0.023529411764705882
0.00392156862745098
0.00784313725490196
0.0
0.10980392156862745
0.7725490196078432
0.996078431372549
0.6588235294117647
0.058823529411764705
0.00392156862745098
0.00392156862745098
0.0
0.0
0.0
0.0
0.0
0.0
0.0
0.0
0.0
0.0
0.00392156862745098
0.0
0.011764705882352941
0.7019607843137254
1.0
0.30980392156862746
0.00784313725490196
0.027450980392156862
0.011764705882352941
0.0
0.043137254901960784
0.4980392156862745
0.9764705882352941
1.0
0.4196078431372549
0.0
0.00784313725490196
0.0
0.0
0.0
0.0
0.0
0.0
0.0
0.0
0.0
0.0
0.0
0.00392156862745098
0.0
0.023529411764705882
0.7803921568627451
1.0
0.30980392156862746
0.0
0.0
0.0
0.08627450980392157
0.6313725490196078
0.9568627450980393
1.0
0.7333333333333333
0.11764705882352941
0.00392156862745098
0.00392156862745098
0.0
0.0
0.0
0.0
0.0
0.0
0.0
0.0
0.0
0.0
0.0
0.00392156862745098
0.0
0.023529411764705882
0.792156862745098
0.996078431372549
0.3254901960784314
0.06274509803921569
0.30196078431372547
0.3137254901960784
0.7254901960784313
0.9647058823529412
0.9921568627450981
0.9686274509803922
0.3137254901960784
0.0
0.00784313725490196
0.0
0.0
0.0
0.0
0.0
0.0
0.0
0.0
0.0
0.0
0.0
0.0
0.0
0.0
0.011764705882352941
0.6549019607843137
1.0
0.7529411764705882
0.6980392156862745
1.0
1.0
1.0
1.0
1.0
0.7137254901960784
0.0
0.00392156862745098
0.0
0.0
0.0
0.0
0.0
0.0
0.0
0.0
0.0
0.0
0.0
0.0
0.0
0.0
0.00784313725490196
0.0
0.2823529411764706
0.9294117647058824
1.0
1.0
0.9647058823529412
1.0
1.0
0.8470588235294118
0.4666666666666667
0.11372549019607843
0.011764705882352941
0.0
0.0
0.0
0.0
0.0
0.0
0.0
0.0
0.0
0.0
0.0
0.0
0.0
0.0
0.0
0.00392156862745098
0.0
0.027450980392156862
0.2784313725490196
0.6901960784313725
0.9607843137254902
1.0
0.8627450980392157
0.7607843137254902
0.23137254901960785
0.0
0.0
0.0
0.0
0.0
0.0
0.0
0.0
0.0
0.0
0.0
0.0
0.0
0.0
0.0
0.0
0.0
0.0
0.0
0.0
0.0
0.0
0.050980392156862744
0.3215686274509804
0.41568627450980394
0.1568627450980392
0.0784313725490196
0.023529411764705882
0.00392156862745098
0.00784313725490196
0.0
0.0
0.0
0.0
0.0
0.0
0.0
0.0
0.0
0.0
0.0
0.0
0.0
0.0
0.0
0.0
0.0
0.0
0.0
0.00392156862745098
0.0
0.0
0.0
0.0
0.0
0.0
0.0
0.0
0.0
0.0
0.0
0.0
0.0
0.0
0.0
0.0
0.0
0.0
0.0
0.0
0.0
0.0
0.0
0.0
0.0
0.0
0.0
0.0
0.00392156862745098
0.011764705882352941
0.01568627450980392
0.00784313725490196
0.00392156862745098
0.0
0.0
0.0
0.0
0.0
0.0
0.0
0.0
0.0
0.0
0.0
0.0
0.0
0.0
0.0
0.0
0.0
0.0
0.0
0.0
0.0
0.0
0.0
0.0
0.0
0.0
0.0
0.0
0.0
0.0
0.0
0.0
0.0
0.0
0.0
0.0
0.0
0.0
0.0
0.0
0.0
0.0
0.0
0.0
0.0
0.0
0.0
0.0
0.0
0.0
0.0
0.0
0.0
0.0
0.0
0.0
0.0
0.0
0.0
0.0
0.0
0.0
0.0
0.0
0.0
0.0
0.0
0.0
0.0
0.0
0.0
0.0
0.0
0.0
0.0
0.0
0.0
0.0
0.0
0.0
0.0
0.0
0.0
0.0
0.0
0.0
0.0
0.0
0.0
0.0
0.0
0.0
0.0
0.0
0.0
0.0
0.0
0.0
0.0
0.0
0.0
0.0
0.0
0.0
0.0
0.0
0.0
0.0
0.0
0.0
0.0
0.0
0.0
0.0
0.0
0.0
0.0
0.0
0.0
0.0
0.0
0.0
0.0
0.0
