0.0
0.0
0.0
0.0
0.0
0.0
0.0
0.0
0.0
0.0
0.0
0.0
0.0
0.0
0.0
0.0
0.0
0.0
0.0
0.0
0.0
0.0
0.0
0.0
0.0
0.0
0.0
0.0
0.0
0.0
0.0
0.0
0.0
0.0
0.0
0.0
0.0
0.0
0.0
0.0
0.0
0.0
0.0
0.0
0.0
0.0
0.0
0.0
0.0
0.0
0.0
0.0
0.0
0.0
0.0
0.0
0.0
0.0
0.0
0.0
0.0
0.0
0.0
0.0
0.0
0.0
0.0
0.0
0.0
0.0
0.0
0.0
0.0
0.0
0.0
0.0
0.0
0.0
0.0
0.0
0.0
0.0
0.0
0.0
0.0
0.0
0.0
0.0
0.0
0.0
0.0
0.0
0.0
0.0
0.0
0.0
0.0
0.0
0.0
0.0
0.0
0.0
0.0
0.0
0.0
0.0
0.0
0.0
0.0
0.0
0.0
0.0
0.0
0.0
0.0
0.0
0.0
0.0
0.0
0.0
0.0
0.0
0.0
0.00784313725490196
0.01568627450980392
0.01568627450980392
0.01568627450980392
0.01568627450980392
0.00784313725490196
0.00392156862745098
0.0
0.0
0.0
0.0
0.0
0.0
0.0
0.0
0.0
0.0
0.0
0.0
0.0
0.0
0.0
0.0
0.0
0.0
0.0
0.0
0.0
0.0
0.0
0.0
0.0
0.0
0.0
0.0
0.00392156862745098
0.0
0.0
0.0
0.0
0.0
0.0
0.0
0.0
0.0
0.0
0.0
0.0
0.0
0.0
0.0
0.0
0.0
0.0
0.00784313725490196
0.0
0.29411764705882354
0.6235294117647059
0.615686274509804
0.6196078431372549
0.5725490196078431
0.3137254901960784
0.1607843137254902
0.0
0.00392156862745098
0.00392156862745098
0.0
0.0
0.0
0.0
0.0
0.0
0.0
0.0
0.0
0.0
0.0
0.0
0.0
0.0
0.0
0.00392156862745098
0.0
0.25882352941176473
0.9019607843137255
1.0
1.0
1.0
1.0
0.9568627450980393
0.8509803921568627
0.37254901960784315
0.0
0.0
0.0
0.0
0.0
0.0
0.0
0.0
0.0
0.0
0.0
0.0
0.0
0.0
0.0
0.0
0.00392156862745098
0.0
0.043137254901960784
0.6588235294117647
1.0
0.9647058823529412
0.9725490196078431
0.9764705882352941
0.984313725490196
0.996078431372549
1.0
0.9450980392156862
0.403921568627451
0.050980392156862744
0.00392156862745098
0.00392156862745098
0.0
0.0
0.0
0.0
0.0
0.0
0.0
0.0
0.0
0.0
0.0
0.0
0.00392156862745098
0.0
0.2823529411764706
0.9568627450980393
0.9882352941176471
0.996078431372549
1.0
1.0
1.0
0.996078431372549
0.9764705882352941
1.0
0.9333333333333333
0.19607843137254902
0.0
0.011764705882352941
0.0
0.0
0.0
0.0
0.0
0.0
0.0
0.0
0.0
0.0
0.0
0.0
0.00392156862745098
0.00392156862745098
0.4235294117647059
1.0
0.9882352941176471
0.9764705882352941
0.6274509803921569
0.1803921568627451
0.3568627450980392
0.8313725490196079
1.0
0.984313725490196
0.9803921568627451
0.6235294117647059
0.050980392156862744
0.00392156862745098
0.00392156862745098
0.0
0.0
0.0
0.0
0.0
0.0
0.0
0.0
0.0
0.0
0.00392156862745098
0.0
0.1450980392156863
0.8156862745098039
0.996078431372549
1.0
0.7294117647058823
0.06666666666666667
0.0
0.0
0.35294117647058826
0.9176470588235294
0.9882352941176471
0.996078431372549
0.9529411764705882
0.27450980392156865
0.0
0.00784313725490196
0.0
0.0
0.0
0.0
0.0
0.0
0.0
0.0
0.0
0.0
0.00784313725490196
0.0
0.24705882352941178
0.9529411764705882
1.0
0.996078431372549
0.4196078431372549
0.0
0.01568627450980392
0.011764705882352941
0.00392156862745098
0.5058823529411764
0.9921568627450981
0.9882352941176471
1.0
0.42745098039215684
0.0
0.00392156862745098
0.0
0.0
0.0
0.0
0.0
0.0
0.0
0.0
0.0
0.0
0.00784313725490196
0.0
0.4235294117647059
0.9803921568627451
0.996078431372549
0.984313725490196
0.2196078431372549
0.00392156862745098
0.00784313725490196
0.011764705882352941
0.0
0.396078431372549
0.9882352941176471
0.9882352941176471
1.0
0.7254901960784313
0.00392156862745098
0.0
0.00392156862745098
0.0
0.0
0.0
0.0
0.0
0.0
0.0
0.0
0.0
0.011764705882352941
0.0
0.5803921568627451
1.0
0.9921568627450981
0.984313725490196
0.1843137254901961
0.00392156862745098
0.011764705882352941
0.011764705882352941
0.00392156862745098
0.38823529411764707
0.9803921568627451
0.996078431372549
1.0
0.7019607843137254
0.00392156862745098
0.0
0.00392156862745098
0.0
0.0
0.0
0.0
0.0
0.0
0.0
0.0
0.0
0.00784313725490196
0.0
0.34509803921568627
0.9686274509803922
0.996078431372549
0.9921568627450981
0.3568627450980392
0.0
0.0
0.0
0.0
0.19215686274509805
0.9137254901960784
1.0
1.0
0.6705882352941176
0.00392156862745098
0.0
0.00392156862745098
0.0
0.0
0.0
0.0
0.0
0.0
0.0
0.0
0.0
0.00784313725490196
0.0
0.2235294117647059
0.9294117647058824
1.0
1.0
0.7725490196078432
0.1843137254901961
0.03529411764705882
0.027450980392156862
0.2196078431372549
0.6705882352941176
0.9686274509803922
0.9882352941176471
1.0
0.7411764705882353
0.00392156862745098
0.0
0.0
0.0
0.0
0.0
0.0
0.0
0.0
0.0
0.0
0.0
0.00392156862745098
0.0
0.09803921568627451
0.8117647058823529
0.996078431372549
0.984313725490196
1.0
0.8941176470588236
0.6862745098039216
0.6666666666666666
0.8549019607843137
1.0
0.9921568627450981
0.9882352941176471
0.984313725490196
0.3333333333333333
0.0
0.00392156862745098
0.0
0.0
0.0
0.0
0.0
0.0
0.0
0.0
0.0
0.0
0.0
0.0
0.0
0.6862745098039216
1.0
0.9882352941176471
0.984313725490196
1.0
1.0
1.0
1.0
0.9803921568627451
0.996078431372549
1.0
0.6509803921568628
0.0392156862745098
0.00392156862745098
0.00392156862745098
0.0
0.0
0.0
0.0
0.0
0.0
0.0
0.0
0.0
0.0
0.0
0.00392156862745098
0.0
0.2235294117647059
0.7725490196078432
1.0
1.0
1.0
0.9803921568627451
0.9725490196078431
0.984313725490196
1.0
0.984313725490196
0.6862745098039216
0.09411764705882353
0.0
0.00392156862745098
0.0
0.0
0.0
0.0
0.0
0.0
0.0
0.0
0.0
0.0
0.0
0.0
0.0
0.00392156862745098
0.0
0.10980392156862745
0.6078431372549019
0.8705882352941177
0.8627450980392157
1.0
1.0
1.0
0.8627450980392157
0.4588235294117647
0.08627450980392157
0.0
0.00392156862745098
0.0
0.0
0.0
0.0
0.0
0.0
0.0
0.0
0.0
0.0
0.0
0.0
0.0
0.0
0.0
0.00392156862745098
0.0
0.03137254901960784
0.16862745098039217
0.1803921568627451
0.37254901960784315
0.4666666666666667
0.3764705882352941
0.17254901960784313
0.0
0.0
0.00784313725490196
0.0
0.0
0.0
0.0
0.0
0.0
0.0
0.0
0.0
0.0
0.0
0.0
0.0
0.0
0.0
0.0
0.0
0.00392156862745098
0.0
0.0
0.0
0.0
0.0
0.0
0.0
0.00392156862745098
0.00392156862745098
0.0
0.0
0.0
0.0
0.0
0.0
0.0
0.0
0.0
0.0
0.0
0.0
0.0
0.0
0.0
0.0
0.0
0.0
0.0
0.00392156862745098
0.00784313725490196
0.00784313725490196
0.011764705882352941
0.01568627450980392
0.011764705882352941
0.00784313725490196
0.0
0.0
0.0
0.0
0.0
0.0
0.0
0.0
0.0
0.0
0.0
0.0
0.0
0.0
0.0
0.0
0.0
0.0
0.0
0.0
0.0
0.0
0.0
0.0
0.0
0.0
0.0
0.0
0.0
0.0
0.0
0.0
0.0
0.0
0.0
0.0
0.0
0.0
0.0
0.0
0.0
0.0
0.0
0.0
0.0
0.0
0.0
0.0
0.0
0.0
0.0
0.0
0.0
0.0
0.0
0.0
0.0
0.0
0.0
0.0
0.0
0.0
0.0
0.0
0.0
0.0
0.0
0.0
0.0
0.0
0.0
0.0
0.0
0.0
0.0
0.0
0.0
0.0
0.0
0.0
0.0
0.0
0.0
0.0
0.0
0.0
0.0
0.0
0.0
0.0
0.0
0.0
0.0
0.0
0.0
0.0
0.0
0.0
0.0
0.0
0.0
0.0
0.0
0.0
0.0
0.0
0.0
0.0
0.0
0.0
0.0
0.0
0.0
0.0
0.0
0.0
0.0
0.0
0.0
0.0
0.0
0.0
