0.0
0.0
0.0
0.0
0.0
0.0
0.0
0.0
0.0
0.0
0.0
0.0
0.0
0.0
0.0
0.0
0.0
0.0
0.0
0.0
0.0
0.0
0.0
0.0
0.0
0.0
0.0
0.0
0.0
0.0
0.0
0.0
0.0
0.0
0.0
0.0
0.0
0.0
0.0
0.0
0.0
0.0
0.0
0.0
0.0
0.0
0.0
0.0
0.0
0.0
0.0
0.0
0.0
0.0
0.0
0.0
0.0
0.0
0.0
0.0
0.0
0.0
0.0
0.0
0.0
0.0
0.0
0.0
0.0
0.0
0.0
0.0
0.0
0.0
0.0
0.0
0.0
0.0
0.0
0.0
0.0
0.0
0.0
0.0
0.0
0.0
0.0
0.0
0.0
0.0
0.0
0.0
0.0
0.0
0.0
0.0
0.0
0.0
0.0
0.0
0.0
0.0
0.0
0.0
0.0
0.0
0.0
0.0
0.0
0.0
0.0
0.0
0.0
0.0
0.0
0.0
0.0
0.0
0.0
0.0
0.0
0.0
0.0
0.0
0.0
0.0
0.00784313725490196
0.011764705882352941
0.011764705882352941
0.00392156862745098
0.0
0.0
0.0
0.0
0.0
0.0
0.0
0.0
0.0
0.0
0.0
0.0
0.0
0.0
0.0
0.0
0.0
0.0
0.0
0.0
0.0
0.0
0.0
0.0
0.0
0.0
0.0
0.0
0.0
0.0
0.0
0.0
0.0
0.0
0.0
0.0
0.0
0.0
0.0
0.0
0.0
0.0
0.0
0.0
0.0
0.0
0.0
0.0
0.0
0.0
0.00784313725490196
0.0
0.40784313725490196
0.5019607843137255
0.39215686274509803
0.10980392156862745
0.0
0.00392156862745098
0.0
0.0
0.0
0.0
0.0
0.0
0.0
0.0
0.0
0.0
0.0
0.0
0.0
0.0
0.0
0.0
0.0
0.0
0.0
0.0
0.01568627450980392
0.0
0.6470588235294118
0.9803921568627451
0.996078431372549
0.5686274509803921
0.01568627450980392
0.0
0.00392156862745098
0.0
0.0
0.0
0.0
0.0
0.0
0.0
0.0
0.0
0.0
0.0
0.0
0.0
0.0
0.0
0.0
0.0
0.0
0.0
0.00392156862745098
0.0
0.14901960784313725
0.33725490196078434
0.8901960784313725
0.8980392156862745
0.10588235294117647
0.0
0.00784313725490196
0.0
0.0
0.0
0.0
0.0
0.0
0.0
0.0
0.0
0.0
0.0
0.0
0.0
0.0
0.0
0.0
0.0
0.0
0.0
0.0
0.00392156862745098
0.0
0.03529411764705882
0.7686274509803922
0.8117647058823529
0.06666666666666667
0.0
0.00392156862745098
0.0
0.0
0.0
0.0
0.0
0.0
0.0
0.0
0.0
0.0
0.0
0.0
0.0
0.0
0.0
0.0
0.0
0.0
0.0
0.0
0.00784313725490196
0.00392156862745098
0.09019607843137255
0.9254901960784314
0.5450980392156862
0.00392156862745098
0.00392156862745098
0.0
0.0
0.0
0.0
0.0
0.0
0.0
0.0
0.0
0.0
0.0
0.0
0.0
0.0
0.0
0.0
0.0
0.0
0.0
0.0
0.0
0.00392156862745098
0.0
0.19215686274509805
0.8901960784313725
0.39215686274509803
0.0
0.01568627450980392
0.0
0.0
0.0
0.0
0.0
0.0
0.0
0.0
0.0
0.0
0.0
0.0
0.0
0.0
0.0
0.0
0.0
0.0
0.0
0.00392156862745098
0.0196078431372549
0.01568627450980392
0.17647058823529413
0.8588235294117647
0.803921568627451
0.12156862745098039
0.0
0.00784313725490196
0.0
0.0
0.0
0.0
0.0
0.0
0.0
0.0
0.0
0.0
0.0
0.0
0.0
0.0
0.0
0.0
0.0
0.0
0.00784313725490196
0.0
0.16862745098039217
0.5882352941176471
0.6784313725490196
0.9607843137254902
0.2901960784313726
0.0
0.00392156862745098
0.0
0.0
0.0
0.0
0.0
0.0
0.0
0.0
0.0
0.0
0.0
0.0
0.0
0.0
0.0
0.0
0.0
0.0
0.0
0.0
0.09019607843137255
0.6078431372549019
0.9254901960784314
0.8745098039215686
0.8196078431372549
0.058823529411764705
0.0
0.00392156862745098
0.0
0.0
0.0
0.0
0.0
0.0
0.0
0.0
0.0
0.0
0.0
0.0
0.0
0.0
0.0
0.0
0.0
0.00392156862745098
0.0
0.20392156862745098
0.7254901960784313
0.9568627450980393
0.6784313725490196
0.30980392156862746
0.7647058823529411
0.6078431372549019
0.0392156862745098
0.0
0.00392156862745098
0.0
0.0
0.0
0.0
0.0
0.0
0.0
0.0
0.0
0.0
0.0
0.0
0.0
0.0
0.0
0.00784313725490196
0.0
0.11372549019607843
0.8156862745098039
0.9176470588235294
0.34509803921568627
0.11764705882352941
0.011764705882352941
0.11372549019607843
0.47843137254901963
0.4588235294117647
0.054901960784313725
0.0
0.00392156862745098
0.0
0.0
0.0
0.0
0.0
0.0
0.0
0.0
0.0
0.0
0.0
0.0
0.0
0.0
0.00784313725490196
0.0
0.3568627450980392
0.9176470588235294
0.17647058823529413
0.0
0.0
0.00392156862745098
0.0
0.0
0.41568627450980394
0.27450980392156865
0.0
0.00392156862745098
0.0
0.0
0.0
0.0
0.0
0.0
0.0
0.0
0.0
0.0
0.0
0.0
0.0
0.0
0.00392156862745098
0.0
0.48627450980392156
0.8901960784313725
0.2627450980392157
0.0
0.00784313725490196
0.00784313725490196
0.0
0.00784313725490196
0.47843137254901963
0.6509803921568628
0.00392156862745098
0.0
0.00392156862745098
0.0
0.0
0.0
0.0
0.0
0.0
0.0
0.0
0.0
0.0
0.0
0.0
0.0
0.00392156862745098
0.0
0.12549019607843137
0.6392156862745098
0.8705882352941177
0.3333333333333333
0.0
0.0
0.06274509803921569
0.5882352941176471
0.984313725490196
0.592156862745098
0.0
0.0
0.0
0.0
0.0
0.0
0.0
0.0
0.0
0.0
0.0
0.0
0.0
0.0
0.0
0.0
0.0
0.00392156862745098
0.0
0.027450980392156862
0.5568627450980392
0.2196078431372549
0.0
0.054901960784313725
0.6784313725490196
0.7764705882352941
0.403921568627451
0.0
0.0
0.00392156862745098
0.0
0.0
0.0
0.0
0.0
0.0
0.0
0.0
0.0
0.0
0.0
0.0
0.0
0.0
0.0
0.0
0.00392156862745098
0.0
0.047058823529411764
0.03529411764705882
0.0
0.06666666666666667
0.396078431372549
0.13333333333333333
0.0
0.0
0.0
0.0
0.0
0.0
0.0
0.0
0.0
0.0
0.0
0.0
0.0
0.0
0.0
0.0
0.0
0.0
0.0
0.0
0.0
0.00392156862745098
0.0
0.0
0.0
0.0
0.0
0.0
0.00784313725490196
0.0
0.0
0.0
0.0
0.0
0.0
0.0
0.0
0.0
0.0
0.0
0.0
0.0
0.0
0.0
0.0
0.0
0.0
0.0
0.0
0.0
0.00392156862745098
0.0
0.0
0.00392156862745098
0.011764705882352941
0.00784313725490196
0.0
0.0
0.0
0.0
0.0
0.0
0.0
0.0
0.0
0.0
0.0
0.0
0.0
0.0
0.0
0.0
0.0
0.0
0.0
0.0
0.0
0.0
0.0
0.0
0.0
0.0
0.0
0.0
0.0
0.0
0.0
0.0
0.0
0.0
0.0
0.0
0.0
0.0
0.0
0.0
0.0
0.0
0.0
0.0
0.0
0.0
0.0
0.0
0.0
0.0
0.0
0.0
0.0
0.0
0.0
0.0
0.0
0.0
0.0
0.0
0.0
0.0
0.0
0.0
0.0
0.0
0.0
0.0
0.0
0.0
0.0
0.0
0.0
0.0
0.0
0.0
0.0
0.0
0.0
0.0
0.0
0.0
0.0
0.0
0.0
0.0
0.0
0.0
0.0
0.0
0.0
0.0
0.0
0.0
0.0
0.0
0.0
0.0
0.0
0.0
0.0
0.0
0.0
0.0
0.0
0.0
0.0
0.0
0.0
0.0
0.0
0.0
0.0
0.0
0.0
0.0
0.0
0.0
0.0
0.0
0.0
0.0
0.0
