0.0
0.0
0.0
0.0
0.0
0.0
0.0
0.0
0.0
0.0
0.0
0.0
0.0
0.0
0.0
0.0
0.0
0.0
0.0
0.0
0.0
0.0
0.0
0.0
0.0
0.0
0.0
0.0
0.0
0.0
0.0
0.0
0.0
0.0
0.0
0.0
0.0
0.0
0.0
0.0
0.0
0.0
0.0
0.0
0.0
0.0
0.0
0.0
0.0
0.0
0.0
0.0
0.0
0.0
0.0
0.0
0.0
0.0
0.0
0.0
0.0
0.0
0.0
0.0
0.0
0.0
0.0
0.0
0.0
0.0
0.0
0.0
0.0
0.0
0.0
0.0
0.0
0.0
0.0
0.0
0.0
0.0
0.0
0.0
0.0
0.0
0.0
0.0
0.0
0.0
0.0
0.0
0.0
0.0
0.0
0.0
0.0
0.0
0.0
0.0
0.0
0.0
0.0
0.0
0.0
0.0
0.0
0.0
0.0
0.0
0.0
0.0
0.0
0.0
0.0
0.0
0.0
0.0
0.0
0.0
0.0
0.0
0.0
0.0
0.0
0.0
0.00392156862745098
0.00392156862745098
0.0
0.0
0.0
0.0
0.0
0.0
0.0
0.0
0.0
0.0
0.0
0.0
0.0
0.0
0.0
0.0
0.0
0.0
0.0
0.0
0.0
0.0
0.0
0.0
0.00392156862745098
0.0
0.0
0.0
0.00392156862745098
0.00392156862745098
0.00392156862745098
0.00392156862745098
0.0
0.0
0.0
0.0
0.0
0.0
0.0
0.0
0.0
0.0
0.0
0.0
0.0
0.0
0.0
0.0
0.0
0.0
0.0
0.00392156862745098
0.0
0.0
0.00784313725490196
0.00392156862745098
0.0
0.0
0.0
0.0
0.00784313725490196
0.00392156862745098
0.0
0.0
0.0
0.0
0.0
0.0
0.0
0.0
0.0
0.0
0.0
0.0
0.0
0.0
0.0
0.0
0.00784313725490196
0.0
0.15294117647058825
0.6745098039215687
0.8470588235294118
0.7843137254901961
0.4666666666666667
0.4196078431372549
0.16862745098039217
0.00784313725490196
0.0
0.0
0.0
0.0
0.0
0.0
0.0
0.0
0.0
0.0
0.0
0.0
0.0
0.0
0.0
0.0
0.0
0.00784313725490196
0.0
0.1411764705882353
0.8196078431372549
1.0
1.0
1.0
1.0
1.0
0.8784313725490196
0.5843137254901961
0.3333333333333333
0.050980392156862744
0.00392156862745098
0.0
0.0
0.0
0.0
0.0
0.0
0.0
0.0
0.0
0.0
0.0
0.0
0.0
0.00392156862745098
0.0
0.11764705882352941
0.7176470588235294
1.0
1.0
0.8823529411764706
0.7019607843137254
0.6941176470588235
0.6980392156862745
0.9490196078431372
1.0
0.9725490196078431
0.403921568627451
0.0
0.00392156862745098
0.0
0.0
0.0
0.0
0.0
0.0
0.0
0.0
0.0
0.0
0.0
0.0
0.00392156862745098
0.01568627450980392
0.4980392156862745
1.0
0.9450980392156862
0.9137254901960784
0.5764705882352941
0.07058823529411765
0.054901960784313725
0.058823529411764705
0.32941176470588235
0.7647058823529411
0.996078431372549
0.7843137254901961
0.08235294117647059
0.0
0.00392156862745098
0.0
0.0
0.0
0.0
0.0
0.0
0.0
0.0
0.0
0.0
0.00784313725490196
0.0
0.27450980392156865
0.9529411764705882
0.9607843137254902
0.40784313725490196
0.19607843137254902
0.12156862745098039
0.0
0.0
0.0
0.0
0.20784313725490197
0.8862745098039215
0.9803921568627451
0.43137254901960786
0.0
0.00784313725490196
0.0
0.0
0.0
0.0
0.0
0.0
0.0
0.0
0.0
0.00392156862745098
0.0
0.0
0.5764705882352941
1.0
0.8196078431372549
0.054901960784313725
0.0
0.0
0.00392156862745098
0.00392156862745098
0.011764705882352941
0.00392156862745098
0.1607843137254902
0.8313725490196079
1.0
0.6823529411764706
0.0
0.011764705882352941
0.0
0.0
0.0
0.0
0.0
0.0
0.0
0.0
0.0
0.00392156862745098
0.0
0.12941176470588237
0.8352941176470589
0.9725490196078431
0.4627450980392157
0.01568627450980392
0.00784313725490196
0.00392156862745098
0.0
0.0
0.00784313725490196
0.00784313725490196
0.1411764705882353
0.8274509803921568
1.0
0.6313725490196078
0.0
0.011764705882352941
0.0
0.0
0.0
0.0
0.0
0.0
0.0
0.0
0.0
0.00392156862745098
0.00392156862745098
0.47058823529411764
1.0
0.7137254901960784
0.043137254901960784
0.0
0.00392156862745098
0.0
0.0
0.00392156862745098
0.00784313725490196
0.0
0.27450980392156865
0.8980392156862745
0.9921568627450981
0.396078431372549
0.0
0.00784313725490196
0.0
0.0
0.0
0.0
0.0
0.0
0.0
0.0
0.00784313725490196
0.0
0.10196078431372549
0.7686274509803922
1.0
0.5686274509803921
0.0
0.00784313725490196
0.0
0.0
0.00784313725490196
0.0
0.0
0.21176470588235294
0.8117647058823529
1.0
0.792156862745098
0.13725490196078433
0.0
0.00392156862745098
0.0
0.0
0.0
0.0
0.0
0.0
0.0
0.0
0.00784313725490196
0.0
0.1607843137254902
0.8588235294117647
0.9647058823529412
0.3254901960784314
0.00392156862745098
0.00784313725490196
0.00392156862745098
0.00392156862745098
0.0
0.027450980392156862
0.39215686274509803
0.8705882352941177
1.0
0.9215686274509803
0.3333333333333333
0.0
0.00392156862745098
0.0
0.0
0.0
0.0
0.0
0.0
0.0
0.0
0.0
0.011764705882352941
0.0
0.32941176470588235
0.9607843137254902
0.9254901960784314
0.2784313725490196
0.00392156862745098
0.01568627450980392
0.0
0.0
0.16470588235294117
0.6509803921568628
0.9529411764705882
1.0
0.8117647058823529
0.2235294117647059
0.00392156862745098
0.00784313725490196
0.0
0.0
0.0
0.0
0.0
0.0
0.0
0.0
0.0
0.0
0.01568627450980392
0.0
0.44313725490196076
1.0
0.9098039215686274
0.27058823529411763
0.0
0.0
0.11372549019607843
0.4666666666666667
0.8235294117647058
1.0
1.0
0.7450980392156863
0.16862745098039217
0.0
0.0
0.0
0.0
0.0
0.0
0.0
0.0
0.0
0.0
0.0
0.0
0.0
0.011764705882352941
0.0
0.21568627450980393
0.8784313725490196
0.9725490196078431
0.5607843137254902
0.16862745098039217
0.4549019607843137
0.8784313725490196
1.0
1.0
0.8274509803921568
0.4666666666666667
0.11764705882352941
0.0
0.00784313725490196
0.0
0.0
0.0
0.0
0.0
0.0
0.0
0.0
0.0
0.0
0.0
0.0
0.00392156862745098
0.0
0.09803921568627451
0.7803921568627451
1.0
1.0
0.9725490196078431
1.0
0.9137254901960784
0.6666666666666666
0.42745098039215684
0.09803921568627451
0.0
0.0
0.00784313725490196
0.0
0.0
0.0
0.0
0.0
0.0
0.0
0.0
0.0
0.0
0.0
0.0
0.0
0.0
0.00392156862745098
0.0
0.2901960784313726
0.6823529411764706
0.7019607843137254
0.6745098039215687
0.396078431372549
0.1843137254901961
0.0196078431372549
0.0
0.0
0.00392156862745098
0.00392156862745098
0.0
0.0
0.0
0.0
0.0
0.0
0.0
0.0
0.0
0.0
0.0
0.0
0.0
0.0
0.0
0.0
0.0
0.0
0.050980392156862744
0.06274509803921569
0.047058823529411764
0.0
0.0
0.0
0.00784313725490196
0.00392156862745098
0.0
0.0
0.0
0.0
0.0
0.0
0.0
0.0
0.0
0.0
0.0
0.0
0.0
0.0
0.0
0.0
0.0
0.0
0.0
0.00392156862745098
0.0
0.0
0.0
0.011764705882352941
0.00784313725490196
0.00392156862745098
0.0
0.0
0.0
0.0
0.0
0.0
0.0
0.0
0.0
0.0
0.0
0.0
0.0
0.0
0.0
0.0
0.0
0.0
0.0
0.0
0.0
0.0
0.00392156862745098
0.00392156862745098
0.00392156862745098
0.0
0.0
0.0
0.0
0.0
0.0
0.0
0.0
0.0
0.0
0.0
0.0
0.0
0.0
0.0
0.0
0.0
0.0
0.0
0.0
0.0
0.0
0.0
0.0
0.0
0.0
0.0
0.0
0.0
0.0
0.0
0.0
0.0
0.0
0.0
0.0
0.0
0.0
0.0
0.0
0.0
0.0
0.0
0.0
0.0
0.0
0.0
0.0
0.0
0.0
0.0
0.0
0.0
0.0
0.0
0.0
0.0
0.0
0.0
0.0
0.0
0.0
0.0
0.0
0.0
0.0
0.0
0.0
0.0
0.0
0.0
0.0
0.0
0.0
0.0
0.0
0.0
0.0
0.0
0.0
0.0
0.0
0.0
0.0
0.0
0.0
0.0
0.0
0.0
0.0
0.0
0.0
0.0
0.0
0.0
0.0
0.0
0.0
0.0
0.0
