0.0
0.0
0.0
0.0
0.0
0.0
0.0
0.0
0.0
0.0
0.0
0.0
0.0
0.0
0.0
0.0
0.0
0.0
0.0
0.0
0.0
0.0
0.0
0.0
0.0
0.0
0.0
0.0
0.0
0.0
0.0
0.0
0.0
0.0
0.0
0.0
0.0
0.0
0.0
0.0
0.0
0.0
0.0
0.0
0.0
0.0
0.0
0.0
0.0
0.0
0.0
0.0
0.0
0.0
0.0
0.0
0.0
0.0
0.0
0.0
0.0
0.0
0.0
0.0
0.0
0.0
0.0
0.0
0.0
0.0
0.0
0.0
0.0
0.0
0.0
0.0
0.0
0.0
0.0
0.0
0.0
0.0
0.0
0.0
0.0
0.0
0.0
0.0
0.0
0.0
0.0
0.0
0.0
0.0
0.0
0.0
0.0
0.0
0.0
0.0
0.0
0.0
0.0
0.0
0.0
0.0
0.0
0.0
0.0
0.0
0.0
0.0
0.0
0.0
0.0
0.0
0.0
0.0
0.0
0.0
0.0
0.0
0.0
0.0
0.0
0.0
0.00392156862745098
0.00784313725490196
0.011764705882352941
0.011764705882352941
0.00392156862745098
0.0
0.0
0.0
0.0
0.0
0.0
0.0
0.0
0.0
0.0
0.0
0.0
0.0
0.0
0.0
0.0
0.0
0.0
0.0
0.0
0.0
0.00392156862745098
0.0
0.0
0.0
0.0
0.0
0.0
0.00392156862745098
0.0
0.0
0.0
0.0
0.0
0.0
0.0
0.0
0.0
0.0
0.0
0.0
0.0
0.0
0.0
0.0
0.0
0.0
0.0
0.0
0.0
0.0
0.08235294117647059
0.2901960784313726
0.5411764705882353
0.5450980392156862
0.050980392156862744
0.0
0.00392156862745098
0.0
0.0
0.0
0.0
0.0
0.0
0.0
0.0
0.0
0.0
0.0
0.0
0.0
0.0
0.0
0.0
0.00392156862745098
0.00392156862745098
0.00392156862745098
0.23921568627450981
0.5372549019607843
0.8392156862745098
0.8823529411764706
0.9568627450980393
1.0
0.5098039215686274
0.054901960784313725
0.00392156862745098
0.00392156862745098
0.0
0.0
0.0
0.0
0.0
0.0
0.0
0.0
0.0
0.0
0.0
0.0
0.0
0.0
0.0
0.00392156862745098
0.0
0.45098039215686275
0.9764705882352941
0.7843137254901961
0.4627450980392157
0.25098039215686274
0.2
0.38823529411764707
0.8431372549019608
0.4745098039215686
0.0
0.00392156862745098
0.0
0.0
0.0
0.0
0.0
0.0
0.0
0.0
0.0
0.0
0.0
0.0
0.0
0.00392156862745098
0.00392156862745098
0.03137254901960784
0.47843137254901963
0.9764705882352941
0.6196078431372549
0.08627450980392157
0.0
0.0
0.0
0.0
0.2784313725490196
0.8117647058823529
0.16862745098039217
0.0
0.00784313725490196
0.0
0.0
0.0
0.0
0.0
0.0
0.0
0.0
0.0
0.0
0.0
0.0
0.00784313725490196
0.0
0.28627450980392155
0.996078431372549
0.5607843137254902
0.027450980392156862
0.0
0.011764705882352941
0.00784313725490196
0.011764705882352941
0.00784313725490196
0.0
0.592156862745098
0.3333333333333333
0.0
0.011764705882352941
0.0
0.0
0.0
0.0
0.0
0.0
0.0
0.0
0.0
0.0
0.0
0.0
0.0
0.027450980392156862
0.6862745098039216
0.9490196078431372
0.20392156862745098
0.0
0.01568627450980392
0.0
0.0
0.00392156862745098
0.00392156862745098
0.00392156862745098
0.49411764705882355
0.5019607843137255
0.00784313725490196
0.00392156862745098
0.0
0.0
0.0
0.0
0.0
0.0
0.0
0.0
0.0
0.0
0.0
0.00392156862745098
0.0
0.13725490196078433
0.9647058823529412
0.6431372549019608
0.027450980392156862
0.011764705882352941
0.0
0.0
0.0
0.0
0.011764705882352941
0.0
0.2980392156862745
0.7647058823529411
0.09803921568627451
0.0
0.00784313725490196
0.0
0.0
0.0
0.0
0.0
0.0
0.0
0.0
0.0
0.0
0.00392156862745098
0.0
0.1803921568627451
0.9058823529411765
0.3803921568627451
0.0
0.011764705882352941
0.0
0.0
0.0
0.0
0.01568627450980392
0.0
0.3058823529411765
0.9294117647058824
0.1411764705882353
0.0
0.00784313725490196
0.0
0.0
0.0
0.0
0.0
0.0
0.0
0.0
0.0
0.0
0.00392156862745098
0.0
0.19215686274509805
0.8274509803921568
0.23529411764705882
0.0
0.00784313725490196
0.0
0.0
0.0
0.0
0.011764705882352941
0.0
0.4117647058823529
0.9568627450980393
0.12941176470588237
0.0
0.00784313725490196
0.0
0.0
0.0
0.0
0.0
0.0
0.0
0.0
0.0
0.0
0.00392156862745098
0.0
0.17254901960784313
0.8627450980392157
0.35294117647058826
0.00392156862745098
0.011764705882352941
0.0
0.0
0.0
0.00392156862745098
0.0
0.0
0.5647058823529412
0.8235294117647058
0.07450980392156863
0.0
0.00392156862745098
0.0
0.0
0.0
0.0
0.0
0.0
0.0
0.0
0.0
0.0
0.00392156862745098
0.0
0.0392156862745098
0.8705882352941177
0.5019607843137255
0.0
0.01568627450980392
0.0
0.0
0.0
0.00392156862745098
0.00392156862745098
0.0
0.6
0.6274509803921569
0.00784313725490196
0.0
0.00392156862745098
0.0
0.0
0.0
0.0
0.0
0.0
0.0
0.0
0.0
0.0
0.00392156862745098
0.0
0.00392156862745098
0.7254901960784313
0.7529411764705882
0.047058823529411764
0.00392156862745098
0.011764705882352941
0.00392156862745098
0.00392156862745098
0.011764705882352941
0.0
0.08627450980392157
0.788235294117647
0.35294117647058826
0.0
0.011764705882352941
0.0
0.0
0.0
0.0
0.0
0.0
0.0
0.0
0.0
0.0
0.0
0.0
0.00784313725490196
0.0
0.2235294117647059
0.9372549019607843
0.5372549019607843
0.023529411764705882
0.0
0.0
0.0
0.0
0.07058823529411765
0.6078431372549019
0.796078431372549
0.12156862745098039
0.0
0.00784313725490196
0.0
0.0
0.0
0.0
0.0
0.0
0.0
0.0
0.0
0.0
0.0
0.0
0.00392156862745098
0.00392156862745098
0.00784313725490196
0.4627450980392157
0.9254901960784314
0.7568627450980392
0.40784313725490196
0.2
0.21176470588235294
0.3333333333333333
0.7098039215686275
0.8823529411764706
0.24313725490196078
0.0
0.00392156862745098
0.0
0.0
0.0
0.0
0.0
0.0
0.0
0.0
0.0
0.0
0.0
0.0
0.0
0.0
0.0
0.0
0.011764705882352941
0.27450980392156865
0.6823529411764706
0.8666666666666667
0.9529411764705882
1.0
0.9529411764705882
0.7215686274509804
0.21568627450980393
0.0
0.00392156862745098
0.0
0.0
0.0
0.0
0.0
0.0
0.0
0.0
0.0
0.0
0.0
0.0
0.0
0.0
0.0
0.0
0.0
0.0
0.0
0.0
0.17254901960784313
0.34509803921568627
0.45098039215686275
0.30980392156862746
0.050980392156862744
0.0
0.00784313725490196
0.0
0.0
0.0
0.0
0.0
0.0
0.0
0.0
0.0
0.0
0.0
0.0
0.0
0.0
0.0
0.0
0.0
0.0
0.0
0.00392156862745098
0.00784313725490196
0.0
0.0
0.0
0.0
0.0
0.00392156862745098
0.0
0.0
0.0
0.0
0.0
0.0
0.0
0.0
0.0
0.0
0.0
0.0
0.0
0.0
0.0
0.0
0.0
0.0
0.0
0.0
0.0
0.0
0.00784313725490196
0.011764705882352941
0.01568627450980392
0.011764705882352941
0.00392156862745098
0.0
0.0
0.0
0.0
0.0
0.0
0.0
0.0
0.0
0.0
0.0
0.0
0.0
0.0
0.0
0.0
0.0
0.0
0.0
0.0
0.0
0.0
0.0
0.0
0.0
0.0
0.0
0.0
0.0
0.0
0.0
0.0
0.0
0.0
0.0
0.0
0.0
0.0
0.0
0.0
0.0
0.0
0.0
0.0
0.0
0.0
0.0
0.0
0.0
0.0
0.0
0.0
0.0
0.0
0.0
0.0
0.0
0.0
0.0
0.0
0.0
0.0
0.0
0.0
0.0
0.0
0.0
0.0
0.0
0.0
0.0
0.0
0.0
0.0
0.0
0.0
0.0
0.0
0.0
0.0
0.0
0.0
0.0
0.0
0.0
0.0
0.0
0.0
0.0
0.0
0.0
0.0
0.0
0.0
0.0
0.0
0.0
0.0
0.0
0.0
0.0
0.0
0.0
0.0
0.0
0.0
0.0
0.0
0.0
0.0
0.0
0.0
0.0
0.0
0.0
0.0
0.0
0.0
0.0
0.0
0.0
0.0
