0.0
0.0
0.0
0.0
0.0
0.0
0.0
0.0
0.0
0.0
0.0
0.0
0.0
0.0
0.0
0.0
0.0
0.0
0.0
0.0
0.0
0.0
0.0
0.0
0.0
0.0
0.0
0.0
0.0
0.0
0.0
0.0
0.0
0.0
0.0
0.0
0.0
0.0
0.0
0.0
0.0
0.0
0.0
0.0
0.0
0.0
0.0
0.0
0.0
0.0
0.0
0.0
0.0
0.0
0.0
0.0
0.0
0.0
0.0
0.0
0.0
0.0
0.0
0.0
0.0
0.0
0.0
0.0
0.0
0.0
0.0
0.0
0.0
0.0
0.0
0.0
0.0
0.0
0.0
0.0
0.0
0.0
0.0
0.0
0.0
0.0
0.0
0.0
0.0
0.0
0.0
0.0
0.0
0.0
0.0
0.0
0.0
0.0
0.0
0.0
0.0
0.0
0.0
0.0
0.0
0.0
0.0
0.0
0.0
0.0
0.0
0.0
0.0
0.0
0.0
0.0
0.0
0.0
0.0
0.0
0.0
0.0
0.0
0.00392156862745098
0.00392156862745098
0.00784313725490196
0.011764705882352941
0.011764705882352941
0.00392156862745098
0.0
0.0
0.0
0.0
0.0
0.0
0.0
0.0
0.0
0.0
0.0
0.0
0.0
0.0
0.0
0.0
0.0
0.0
0.0
0.0
0.00392156862745098
0.0
0.0
0.0
0.0
0.0
0.0
0.0
0.0
0.0
0.0
0.0
0.0
0.0
0.0
0.0
0.0
0.0
0.0
0.0
0.0
0.0
0.0
0.0
0.0
0.0
0.0
0.0
0.0
0.00392156862745098
0.10196078431372549
0.10196078431372549
0.24313725490196078
0.6
0.5019607843137255
0.16470588235294117
0.0
0.00392156862745098
0.0
0.0
0.0
0.0
0.0
0.0
0.0
0.0
0.0
0.0
0.0
0.0
0.0
0.0
0.0
0.0
0.00392156862745098
0.0
0.06274509803921569
0.5725490196078431
0.8705882352941177
0.9254901960784314
0.9137254901960784
0.8352941176470589
0.6431372549019608
0.6862745098039216
0.23137254901960785
0.0
0.011764705882352941
0.0
0.0
0.0
0.0
0.0
0.0
0.0
0.0
0.0
0.0
0.0
0.0
0.0
0.0
0.0
0.00392156862745098
0.0392156862745098
0.5568627450980392
1.0
0.9803921568627451
0.6823529411764706
0.38823529411764707
0.023529411764705882
0.0
0.4470588235294118
0.5372549019607843
0.023529411764705882
0.00392156862745098
0.0
0.0
0.0
0.0
0.0
0.0
0.0
0.0
0.0
0.0
0.0
0.0
0.0
0.0
0.00392156862745098
0.0
0.1568627450980392
0.9333333333333333
0.996078431372549
0.6
0.0
0.0
0.011764705882352941
0.0
0.2784313725490196
0.7215686274509804
0.0784313725490196
0.0
0.00392156862745098
0.0
0.0
0.0
0.0
0.0
0.0
0.0
0.0
0.0
0.0
0.0
0.0
0.0
0.011764705882352941
0.0
0.5294117647058824
0.9803921568627451
0.9098039215686274
0.2196078431372549
0.00392156862745098
0.0196078431372549
0.00784313725490196
0.011764705882352941
0.5529411764705883
0.8156862745098039
0.07450980392156863
0.011764705882352941
0.00784313725490196
0.0
0.0
0.0
0.0
0.0
0.0
0.0
0.0
0.0
0.0
0.0
0.0
0.0
0.011764705882352941
0.0
0.6901960784313725
1.0
0.8549019607843137
0.17254901960784313
0.00784313725490196
0.0196078431372549
0.0
0.0
0.6588235294117647
0.8274509803921568
0.0196078431372549
0.0
0.0
0.00392156862745098
0.0
0.0
0.0
0.0
0.0
0.0
0.0
0.0
0.0
0.0
0.0
0.0
0.011764705882352941
0.0
0.6039215686274509
1.0
0.6901960784313725
0.047058823529411764
0.0
0.0
0.050980392156862744
0.40784313725490196
0.8823529411764706
0.9607843137254902
0.5803921568627451
0.4470588235294118
0.13725490196078433
0.0
0.00392156862745098
0.0
0.0
0.0
0.0
0.0
0.0
0.0
0.0
0.0
0.0
0.0
0.00392156862745098
0.0
0.1843137254901961
0.8745098039215686
0.984313725490196
0.7215686274509804
0.42745098039215684
0.34901960784313724
0.7450980392156863
1.0
0.9882352941176471
0.6078431372549019
0.32941176470588235
0.7372549019607844
0.7764705882352941
0.2823529411764706
0.0
0.00392156862745098
0.0
0.0
0.0
0.0
0.0
0.0
0.0
0.0
0.0
0.0
0.0
0.00392156862745098
0.0
0.2823529411764706
0.7137254901960784
0.9490196078431372
1.0
1.0
0.9411764705882353
0.7058823529411765
0.35294117647058826
0.06666666666666667
0.0
0.0392156862745098
0.403921568627451
0.8117647058823529
0.28627450980392155
0.0
0.00392156862745098
0.0
0.0
0.0
0.0
0.0
0.0
0.0
0.0
0.0
0.0
0.0
0.00784313725490196
0.0
0.058823529411764705
0.7803921568627451
0.984313725490196
0.5725490196078431
0.23921568627450981
0.08627450980392157
0.0
0.0
0.00784313725490196
0.0
0.0
0.7764705882352941
0.792156862745098
0.0392156862745098
0.0
0.0
0.0
0.0
0.0
0.0
0.0
0.0
0.0
0.0
0.0
0.0
0.011764705882352941
0.00784313725490196
0.27058823529411763
0.9647058823529412
0.7529411764705882
0.027450980392156862
0.0
0.0
0.00784313725490196
0.00392156862745098
0.00392156862745098
0.01568627450980392
0.01568627450980392
0.36470588235294116
0.9607843137254902
0.29411764705882354
0.0
0.011764705882352941
0.0
0.0
0.0
0.0
0.0
0.0
0.0
0.0
0.0
0.0
0.011764705882352941
0.0
0.30980392156862746
1.0
0.6313725490196078
0.0
0.0
0.00784313725490196
0.00392156862745098
0.00392156862745098
0.0
0.0
0.0
0.37254901960784315
1.0
0.4
0.0
0.01568627450980392
0.0
0.0
0.0
0.0
0.0
0.0
0.0
0.0
0.0
0.0
0.011764705882352941
0.0
0.20392156862745098
0.9176470588235294
0.8980392156862745
0.3686274509803922
0.12156862745098039
0.0
0.0
0.0
0.08235294117647059
0.23921568627450981
0.4823529411764706
0.9529411764705882
0.8823529411764706
0.17647058823529413
0.0
0.00784313725490196
0.0
0.0
0.0
0.0
0.0
0.0
0.0
0.0
0.0
0.0
0.0
0.00392156862745098
0.01568627450980392
0.4235294117647059
0.9333333333333333
0.9725490196078431
0.8745098039215686
0.7372549019607844
0.6980392156862745
0.7098039215686275
0.8588235294117647
0.9333333333333333
0.9686274509803922
0.7176470588235294
0.19215686274509805
0.0
0.00392156862745098
0.0
0.0
0.0
0.0
0.0
0.0
0.0
0.0
0.0
0.0
0.0
0.0
0.0
0.0
0.0
0.21176470588235294
0.49019607843137253
0.6078431372549019
0.792156862745098
0.9098039215686274
0.8666666666666667
0.792156862745098
0.5843137254901961
0.28627450980392155
0.03137254901960784
0.0
0.00392156862745098
0.0
0.0
0.0
0.0
0.0
0.0
0.0
0.0
0.0
0.0
0.0
0.0
0.0
0.0
0.0
0.0
0.0
0.0
0.0
0.03137254901960784
0.17254901960784313
0.11372549019607843
0.0196078431372549
0.0
0.0
0.0
0.00784313725490196
0.0
0.0
0.0
0.0
0.0
0.0
0.0
0.0
0.0
0.0
0.0
0.0
0.0
0.0
0.0
0.0
0.0
0.00392156862745098
0.00784313725490196
0.00784313725490196
0.0
0.0
0.0
0.0
0.00392156862745098
0.00392156862745098
0.00392156862745098
0.0
0.0
0.0
0.0
0.0
0.0
0.0
0.0
0.0
0.0
0.0
0.0
0.0
0.0
0.0
0.0
0.0
0.0
0.0
0.0
0.0
0.00392156862745098
0.00784313725490196
0.00392156862745098
0.00392156862745098
0.0
0.0
0.0
0.0
0.0
0.0
0.0
0.0
0.0
0.0
0.0
0.0
0.0
0.0
0.0
0.0
0.0
0.0
0.0
0.0
0.0
0.0
0.0
0.0
0.0
0.0
0.0
0.0
0.0
0.0
0.0
0.0
0.0
0.0
0.0
0.0
0.0
0.0
0.0
0.0
0.0
0.0
0.0
0.0
0.0
0.0
0.0
0.0
0.0
0.0
0.0
0.0
0.0
0.0
0.0
0.0
0.0
0.0
0.0
0.0
0.0
0.0
0.0
0.0
0.0
0.0
0.0
0.0
0.0
0.0
0.0
0.0
0.0
0.0
0.0
0.0
0.0
0.0
0.0
0.0
0.0
0.0
0.0
0.0
0.0
0.0
0.0
0.0
0.0
0.0
0.0
0.0
0.0
0.0
0.0
0.0
0.0
0.0
0.0
0.0
0.0
0.0
0.0
0.0
0.0
0.0
0.0
0.0
0.0
0.0
0.0
0.0
0.0
0.0
0.0
0.0
0.0
0.0
0.0
0.0
0.0
