0.0
0.0
0.0
0.0
0.0
0.0
0.0
0.0
0.0
0.0
0.0
0.0
0.0
0.0
0.0
0.0
0.0
0.0
0.0
0.0
0.0
0.0
0.0
0.0
0.0
0.0
0.0
0.0
0.0
0.0
0.0
0.0
0.0
0.0
0.0
0.0
0.0
0.0
0.0
0.0
0.0
0.0
0.0
0.0
0.0
0.0
0.0
0.0
0.0
0.0
0.0
0.0
0.0
0.0
0.0
0.0
0.0
0.0
0.0
0.0
0.0
0.0
0.0
0.0
0.0
0.0
0.0
0.0
0.0
0.0
0.0
0.0
0.0
0.0
0.0
0.0
0.0
0.0
0.0
0.0
0.0
0.0
0.0
0.0
0.0
0.0
0.0
0.0
0.0
0.0
0.0
0.0
0.0
0.0
0.0
0.0
0.0
0.0
0.0
0.0
0.0
0.0
0.0
0.0
0.0
0.0
0.0
0.0
0.0
0.0
0.0
0.0
0.0
0.0
0.0
0.0
0.0
0.0
0.0
0.0
0.0
0.0
0.0
0.0
0.0
0.0
0.0
0.00392156862745098
0.00392156862745098
0.00392156862745098
0.00392156862745098
0.0
0.0
0.0
0.0
0.0
0.0
0.0
0.0
0.0
0.0
0.0
0.0
0.0
0.0
0.0
0.0
0.0
0.0
0.0
0.0
0.0
0.0
0.00392156862745098
0.0
0.0
0.0
0.0
0.0
0.00392156862745098
0.00392156862745098
0.0
0.0
0.0
0.0
0.0
0.0
0.0
0.0
0.0
0.0
0.0
0.0
0.0
0.0
0.0
0.0
0.0
0.0
0.00392156862745098
0.0
0.0
0.0
0.00392156862745098
0.0
0.0
0.00392156862745098
0.0
0.0
0.00784313725490196
0.0
0.0
0.0
0.0
0.0
0.0
0.0
0.0
0.0
0.0
0.0
0.0
0.0
0.0
0.0
0.0
0.00392156862745098
0.0
0.0
0.20392156862745098
0.7176470588235294
0.8470588235294118
0.8745098039215686
0.8745098039215686
0.8235294117647058
0.3764705882352941
0.023529411764705882
0.0
0.00392156862745098
0.0
0.0
0.0
0.0
0.0
0.0
0.0
0.0
0.0
0.0
0.0
0.0
0.0
0.0
0.00392156862745098
0.00392156862745098
0.09411764705882353
0.43529411764705883
0.9019607843137255
1.0
1.0
0.8274509803921568
0.8823529411764706
1.0
0.9803921568627451
0.596078431372549
0.16470588235294117
0.0
0.0
0.0
0.0
0.0
0.0
0.0
0.0
0.0
0.0
0.0
0.0
0.0
0.0
0.00392156862745098
0.0
0.0
0.5215686274509804
0.9764705882352941
1.0
0.7725490196078432
0.3411764705882353
0.09803921568627451
0.14901960784313725
0.6196078431372549
0.9568627450980393
1.0
0.8117647058823529
0.16862745098039217
0.0
0.00392156862745098
0.0
0.0
0.0
0.0
0.0
0.0
0.0
0.0
0.0
0.0
0.00392156862745098
0.00392156862745098
0.054901960784313725
0.5607843137254902
0.9647058823529412
0.9803921568627451
0.5333333333333333
0.11764705882352941
0.0
0.0
0.0
0.0392156862745098
0.5137254901960784
0.996078431372549
0.9803921568627451
0.42745098039215684
0.0
0.00784313725490196
0.0
0.0
0.0
0.0
0.0
0.0
0.0
0.0
0.0
0.0
0.00784313725490196
0.0
0.25882352941176473
0.9607843137254902
0.9411764705882353
0.596078431372549
0.0
0.0
0.011764705882352941
0.00784313725490196
0.011764705882352941
0.0
0.12941176470588237
0.7607843137254902
0.9921568627450981
0.6627450980392157
0.0
0.011764705882352941
0.0
0.0
0.0
0.0
0.0
0.0
0.0
0.0
0.0
0.00392156862745098
0.00392156862745098
0.09803921568627451
0.7411764705882353
1.0
0.5215686274509804
0.050980392156862744
0.00392156862745098
0.00784313725490196
0.0
0.0
0.0
0.0196078431372549
0.0
0.5490196078431373
0.996078431372549
0.5686274509803921
0.0
0.011764705882352941
0.0
0.0
0.0
0.0
0.0
0.0
0.0
0.0
0.0
0.00784313725490196
0.0
0.4117647058823529
1.0
0.6588235294117647
0.07450980392156863
0.0
0.00392156862745098
0.0
0.0
0.0
0.0
0.011764705882352941
0.011764705882352941
0.6509803921568628
0.9921568627450981
0.3254901960784314
0.0
0.00784313725490196
0.0
0.0
0.0
0.0
0.0
0.0
0.0
0.0
0.00392156862745098
0.00784313725490196
0.03529411764705882
0.6627450980392157
0.9607843137254902
0.27058823529411763
0.0
0.011764705882352941
0.0
0.0
0.0
0.0
0.00784313725490196
0.0
0.2235294117647059
0.9019607843137255
0.9019607843137255
0.17254901960784313
0.0
0.00392156862745098
0.0
0.0
0.0
0.0
0.0
0.0
0.0
0.0
0.011764705882352941
0.0
0.29411764705882354
0.9490196078431372
0.9372549019607843
0.28627450980392155
0.00392156862745098
0.00784313725490196
0.0
0.0
0.0
0.00392156862745098
0.00784313725490196
0.054901960784313725
0.6352941176470588
1.0
0.5333333333333333
0.0
0.00392156862745098
0.0
0.0
0.0
0.0
0.0
0.0
0.0
0.0
0.0
0.01568627450980392
0.0
0.45098039215686275
1.0
0.9098039215686274
0.2901960784313726
0.0
0.00784313725490196
0.0
0.0
0.00392156862745098
0.00784313725490196
0.0
0.5333333333333333
0.9921568627450981
0.8235294117647058
0.17254901960784313
0.00392156862745098
0.00392156862745098
0.0
0.0
0.0
0.0
0.0
0.0
0.0
0.0
0.0
0.01568627450980392
0.0
0.4588235294117647
1.0
0.9058823529411765
0.28627450980392155
0.00392156862745098
0.011764705882352941
0.00392156862745098
0.00392156862745098
0.0
0.0
0.26666666666666666
0.9137254901960784
0.8745098039215686
0.20784313725490197
0.00392156862745098
0.00392156862745098
0.0
0.0
0.0
0.0
0.0
0.0
0.0
0.0
0.0
0.0
0.011764705882352941
0.0
0.3411764705882353
0.9686274509803922
0.9254901960784314
0.30196078431372547
0.0
0.0
0.0
0.0
0.058823529411764705
0.3843137254901961
0.8862745098039215
0.9607843137254902
0.4
0.0
0.00784313725490196
0.0
0.0
0.0
0.0
0.0
0.0
0.0
0.0
0.0
0.0
0.0
0.00392156862745098
0.0
0.07058823529411765
0.6901960784313725
1.0
0.8196078431372549
0.47843137254901963
0.09411764705882353
0.16862745098039217
0.5725490196078431
0.8509803921568627
0.9764705882352941
0.8117647058823529
0.27058823529411763
0.043137254901960784
0.00784313725490196
0.00392156862745098
0.0
0.0
0.0
0.0
0.0
0.0
0.0
0.0
0.0
0.0
0.0
0.0
0.00392156862745098
0.0
0.16470588235294117
0.796078431372549
1.0
1.0
0.9607843137254902
0.9647058823529412
1.0
0.8666666666666667
0.5294117647058824
0.07058823529411765
0.0
0.0
0.0
0.0
0.0
0.0
0.0
0.0
0.0
0.0
0.0
0.0
0.0
0.0
0.0
0.0
0.0
0.0
0.0
0.13333333333333333
0.49019607843137253
0.6941176470588235
0.7215686274509804
0.611764705882353
0.3686274509803922
0.10196078431372549
0.00784313725490196
0.0
0.00784313725490196
0.00392156862745098
0.0
0.0
0.0
0.0
0.0
0.0
0.0
0.0
0.0
0.0
0.0
0.0
0.0
0.0
0.0
0.0
0.00392156862745098
0.0
0.0
0.06274509803921569
0.058823529411764705
0.023529411764705882
0.0
0.0
0.0
0.00392156862745098
0.0
0.0
0.0
0.0
0.0
0.0
0.0
0.0
0.0
0.0
0.0
0.0
0.0
0.0
0.0
0.0
0.0
0.0
0.0
0.00784313725490196
0.00392156862745098
0.0
0.0
0.0
0.011764705882352941
0.00392156862745098
0.0
0.0
0.0
0.0
0.0
0.0
0.0
0.0
0.0
0.0
0.0
0.0
0.0
0.0
0.0
0.0
0.0
0.0
0.0
0.0
0.0
0.0
0.0
0.00392156862745098
0.00392156862745098
0.00392156862745098
0.0
0.0
0.0
0.0
0.0
0.0
0.0
0.0
0.0
0.0
0.0
0.0
0.0
0.0
0.0
0.0
0.0
0.0
0.0
0.0
0.0
0.0
0.0
0.0
0.0
0.0
0.0
0.0
0.0
0.0
0.0
0.0
0.0
0.0
0.0
0.0
0.0
0.0
0.0
0.0
0.0
0.0
0.0
0.0
0.0
0.0
0.0
0.0
0.0
0.0
0.0
0.0
0.0
0.0
0.0
0.0
0.0
0.0
0.0
0.0
0.0
0.0
0.0
0.0
0.0
0.0
0.0
0.0
0.0
0.0
0.0
0.0
0.0
0.0
0.0
0.0
0.0
0.0
0.0
0.0
0.0
0.0
0.0
0.0
0.0
0.0
0.0
0.0
0.0
0.0
0.0
0.0
0.0
0.0
0.0
0.0
0.0
0.0
