0.0
0.0
0.0
0.0
0.0
0.0
0.0
0.0
0.0
0.0
0.0
0.0
0.0
0.0
0.0
0.0
0.0
0.0
0.0
0.0
0.0
0.0
0.0
0.0
0.0
0.0
0.0
0.0
0.0
0.0
0.0
0.0
0.0
0.0
0.0
0.0
0.0
0.0
0.0
0.0
0.0
0.0
0.0
0.0
0.0
0.0
0.0
0.0
0.0
0.0
0.0
0.0
0.0
0.0
0.0
0.0
0.0
0.0
0.0
0.0
0.0
0.0
0.0
0.0
0.0
0.0
0.0
0.0
0.00392156862745098
0.00392156862745098
0.0
0.0
0.0
0.0
0.0
0.0
0.0
0.0
0.0
0.0
0.0
0.0
0.0
0.0
0.0
0.0
0.0
0.0
0.0
0.0
0.0
0.0
0.0
0.0
0.0
0.0
0.0
0.0
0.0
0.0
0.0
0.0
0.0
0.0
0.0
0.0
0.0
0.0
0.0
0.0
0.0
0.0
0.0
0.0
0.0
0.0
0.0
0.0
0.0
0.0
0.0
0.0
0.0
0.0
0.09411764705882353
0.10196078431372549
0.00392156862745098
0.0
0.0
0.0
0.0
0.0
0.0
0.0
0.0
0.0
0.0
0.0
0.0
0.0
0.0
0.0
0.0
0.0
0.0
0.0
0.0
0.0
0.0
0.0
0.0
0.03137254901960784
0.7647058823529411
0.7333333333333333
0.06666666666666667
0.0
0.00392156862745098
0.0
0.0
0.0
0.0
0.0
0.0
0.0
0.0
0.0
0.0
0.0
0.0
0.0
0.0
0.0
0.0
0.0
0.0
0.0
0.0
0.00784313725490196
0.0
0.25882352941176473
0.984313725490196
0.8196078431372549
0.10196078431372549
0.0
0.00784313725490196
0.0
0.0
0.0
0.0
0.0
0.0
0.0
0.0
0.0
0.0
0.0
0.0
0.0
0.0
0.0
0.0
0.0
0.0
0.0
0.0
0.011764705882352941
0.0
0.6039215686274509
1.0
0.5372549019607843
0.01568627450980392
0.0
0.00392156862745098
0.0
0.0
0.0
0.0
0.0
0.0
0.0
0.0
0.0
0.0
0.0
0.0
0.0
0.0
0.0
0.0
0.0
0.0
0.0
0.00784313725490196
0.0
0.11372549019607843
0.8431372549019608
0.9137254901960784
0.16470588235294117
0.0
0.00784313725490196
0.0
0.00392156862745098
0.00784313725490196
0.00392156862745098
0.00392156862745098
0.0
0.0
0.0
0.0
0.0
0.0
0.0
0.0
0.0
0.0
0.0
0.0
0.0
0.0
0.0
0.011764705882352941
0.0
0.43137254901960786
1.0
0.5372549019607843
0.0
0.00392156862745098
0.00392156862745098
0.00784313725490196
0.0
0.0
0.0
0.0
0.00392156862745098
0.0
0.0
0.0
0.0
0.0
0.0
0.0
0.0
0.0
0.0
0.0
0.0
0.0
0.00784313725490196
0.0
0.09411764705882353
0.7843137254901961
0.9333333333333333
0.2
0.00392156862745098
0.011764705882352941
0.0
0.0
0.050980392156862744
0.08627450980392157
0.07058823529411765
0.0
0.0
0.0
0.0
0.0
0.0
0.0
0.0
0.0
0.0
0.0
0.0
0.0
0.0
0.0
0.00784313725490196
0.0
0.13725490196078433
0.9254901960784314
0.6666666666666666
0.027450980392156862
0.0
0.0
0.023529411764705882
0.3607843137254902
0.7529411764705882
0.8823529411764706
0.8196078431372549
0.5098039215686274
0.13725490196078433
0.0
0.0
0.0
0.0
0.0
0.0
0.0
0.0
0.0
0.0
0.0
0.0
0.0
0.00784313725490196
0.0
0.23529411764705882
0.9686274509803922
0.4666666666666667
0.00784313725490196
0.0
0.07450980392156863
0.6509803921568628
0.9921568627450981
0.7725490196078432
0.6313725490196078
0.7098039215686275
0.9647058823529412
0.6980392156862745
0.03137254901960784
0.0
0.00392156862745098
0.0
0.0
0.0
0.0
0.0
0.0
0.0
0.0
0.0
0.0
0.00784313725490196
0.0
0.3333333333333333
1.0
0.3411764705882353
0.0
0.0
0.5529411764705883
1.0
0.396078431372549
0.07450980392156863
0.03137254901960784
0.050980392156862744
0.3333333333333333
0.8745098039215686
0.3058823529411765
0.0
0.00784313725490196
0.0
0.0
0.0
0.0
0.0
0.0
0.0
0.0
0.0
0.0
0.0
0.0
0.5254901960784314
0.9882352941176471
0.2784313725490196
0.0
0.11764705882352941
0.8431372549019608
0.6745098039215687
0.0
0.0
0.00784313725490196
0.0
0.25882352941176473
0.8627450980392157
0.3176470588235294
0.0
0.00784313725490196
0.0
0.0
0.0
0.0
0.0
0.0
0.0
0.0
0.0
0.0
0.0
0.0
0.5450980392156862
0.984313725490196
0.3411764705882353
0.00784313725490196
0.29411764705882354
0.9921568627450981
0.5058823529411764
0.0
0.0
0.0
0.0
0.5529411764705883
0.796078431372549
0.054901960784313725
0.0
0.0
0.0
0.0
0.0
0.0
0.0
0.0
0.0
0.0
0.0
0.0
0.00784313725490196
0.0
0.3254901960784314
1.0
0.5725490196078431
0.0
0.09019607843137255
0.7529411764705882
0.8196078431372549
0.14901960784313725
0.043137254901960784
0.07058823529411765
0.43137254901960786
0.9176470588235294
0.41568627450980394
0.0
0.00392156862745098
0.0
0.0
0.0
0.0
0.0
0.0
0.0
0.0
0.0
0.0
0.0
0.00784313725490196
0.0
0.09803921568627451
0.8156862745098039
0.803921568627451
0.1803921568627451
0.0
0.2980392156862745
0.9490196078431372
0.8627450980392157
0.7568627450980392
0.8784313725490196
0.9450980392156862
0.5490196078431373
0.043137254901960784
0.00392156862745098
0.00392156862745098
0.0
0.0
0.0
0.0
0.0
0.0
0.0
0.0
0.0
0.0
0.0
0.0
0.00784313725490196
0.0
0.30196078431372547
0.9568627450980393
0.8627450980392157
0.6627450980392157
0.8156862745098039
1.0
1.0
0.8980392156862745
0.6431372549019608
0.32941176470588235
0.0
0.0
0.00392156862745098
0.0
0.0
0.0
0.0
0.0
0.0
0.0
0.0
0.0
0.0
0.0
0.0
0.0
0.00392156862745098
0.00784313725490196
0.01568627450980392
0.37254901960784315
0.8
0.9019607843137255
0.7019607843137254
0.6274509803921569
0.4196078431372549
0.1568627450980392
0.00392156862745098
0.0
0.00392156862745098
0.0
0.0
0.0
0.0
0.0
0.0
0.0
0.0
0.0
0.0
0.0
0.0
0.0
0.0
0.0
0.0
0.0
0.0
0.0
0.01568627450980392
0.0196078431372549
0.00392156862745098
0.00392156862745098
0.0
0.0
0.0
0.00784313725490196
0.0
0.0
0.0
0.0
0.0
0.0
0.0
0.0
0.0
0.0
0.0
0.0
0.0
0.0
0.0
0.0
0.0
0.0
0.0
0.00392156862745098
0.0
0.0
0.0
0.0
0.00392156862745098
0.00784313725490196
0.00392156862745098
0.0
0.0
0.0
0.0
0.0
0.0
0.0
0.0
0.0
0.0
0.0
0.0
0.0
0.0
0.0
0.0
0.0
0.0
0.0
0.0
0.0
0.00392156862745098
0.00392156862745098
0.00392156862745098
0.00392156862745098
0.0
0.0
0.0
0.0
0.0
0.0
0.0
0.0
0.0
0.0
0.0
0.0
0.0
0.0
0.0
0.0
0.0
0.0
0.0
0.0
0.0
0.0
0.0
0.0
0.0
0.0
0.0
0.0
0.0
0.0
0.0
0.0
0.0
0.0
0.0
0.0
0.0
0.0
0.0
0.0
0.0
0.0
0.0
0.0
0.0
0.0
0.0
0.0
0.0
0.0
0.0
0.0
0.0
0.0
0.0
0.0
0.0
0.0
0.0
0.0
0.0
0.0
0.0
0.0
0.0
0.0
0.0
0.0
0.0
0.0
0.0
0.0
0.0
0.0
0.0
0.0
0.0
0.0
0.0
0.0
0.0
0.0
0.0
0.0
0.0
0.0
0.0
0.0
0.0
0.0
0.0
0.0
0.0
0.0
0.0
0.0
0.0
0.0
0.0
0.0
0.0
0.0
0.0
0.0
0.0
0.0
0.0
0.0
0.0
0.0
0.0
0.0
0.0
0.0
0.0
0.0
0.0
0.0
0.0
0.0
0.0
0.0
0.0
0.0
0.0
0.0
0.0
0.0
0.0
0.0
0.0
0.0
0.0
0.0
0.0
0.0
0.0
0.0
0.0
0.0
0.0
0.0
0.0
0.0
0.0
0.0
0.0
0.0
0.0
0.0
0.0
0.0
