0.000000
0.000000
0.000000
0.000000
0.000000
0.000000
0.000000
0.000000
0.000000
0.000000
0.000000
0.000000
0.000000
0.000000
0.000000
0.000000
0.000000
0.000000
0.000000
0.000000
0.000000
0.000000
0.000000
0.000000
0.000000
0.000000
0.000000
0.000000
0.000000
0.000000
0.000000
0.000000
0.000000
0.000000
0.000000
0.000000
0.000000
0.000000
0.000000
0.000000
0.000000
0.000000
0.000000
0.000000
0.000000
0.000000
0.000000
0.000000
0.000000
0.000000
0.000000
0.000000
0.000000
0.000000
0.000000
0.000000
0.000000
0.000000
0.000000
0.000000
0.000000
0.000000
0.000000
0.000000
0.000000
0.000000
0.000000
0.000000
0.000000
0.000000
0.000000
0.000000
0.000000
0.000000
0.000000
0.000000
0.000000
0.000000
0.000000
0.000000
0.000000
0.000000
0.000000
0.000000
0.000000
0.000000
0.000000
0.000000
0.000000
0.000000
0.000000
0.000000
0.000000
0.059608
0.767451
0.808431
0.000000
0.000000
0.000000
0.000000
0.000000
0.000000
0.000000
0.000000
0.000000
0.000000
0.000000
0.000000
0.000000
0.000000
0.000000
0.000000
0.000000
0.000000
0.000000
0.000000
0.000000
0.000000
0.000000
0.000000
0.063333
0.763726
0.942549
0.804706
0.000000
0.000000
0.000000
0.000000
0.000000
0.000000
0.000000
0.000000
0.000000
0.000000
0.000000
0.000000
0.000000
0.000000
0.000000
0.000000
0.000000
0.000000
0.000000
0.000000
0.000000
0.000000
0.000000
0.063333
0.763726
0.942549
0.935098
0.517843
0.000000
0.000000
0.000000
0.000000
0.000000
0.000000
0.000000
0.000000
0.000000
0.000000
0.000000
0.000000
0.000000
0.000000
0.000000
0.000000
0.000000
0.000000
0.000000
0.000000
0.000000
0.000000
0.000000
0.506667
0.942549
0.942549
0.555098
0.000000
0.000000
0.000000
0.000000
0.000000
0.000000
0.000000
0.000000
0.000000
0.000000
0.000000
0.000000
0.000000
0.000000
0.000000
0.000000
0.000000
0.000000
0.000000
0.000000
0.000000
0.000000
0.000000
0.074510
0.774902
0.942549
0.886667
0.145294
0.000000
0.000000
0.000000
0.000000
0.000000
0.000000
0.000000
0.000000
0.000000
0.000000
0.000000
0.000000
0.000000
0.000000
0.000000
0.000000
0.000000
0.000000
0.000000
0.000000
0.000000
0.000000
0.000000
0.778627
0.942549
0.942549
0.555098
0.000000
0.000000
0.000000
0.000000
0.000000
0.000000
0.000000
0.000000
0.000000
0.000000
0.000000
0.000000
0.000000
0.000000
0.000000
0.000000
0.000000
0.000000
0.000000
0.000000
0.000000
0.000000
0.000000
0.000000
0.946275
0.942549
0.897843
0.134118
0.000000
0.000000
0.000000
0.000000
0.000000
0.000000
0.000000
0.000000
0.000000
0.000000
0.000000
0.000000
0.000000
0.000000
0.000000
0.000000
0.000000
0.000000
0.000000
0.000000
0.000000
0.000000
0.000000
0.000000
0.950000
0.942549
0.875490
0.000000
0.000000
0.000000
0.000000
0.000000
0.000000
0.000000
0.141569
0.186275
0.186275
0.186275
0.186275
0.186275
0.018627
0.000000
0.000000
0.000000
0.000000
0.000000
0.000000
0.000000
0.000000
0.000000
0.000000
0.000000
0.946275
0.942549
0.875490
0.000000
0.000000
0.000000
0.000000
0.000000
0.253333
0.670588
0.879216
0.942549
0.942549
0.942549
0.942549
0.942549
0.696667
0.469412
0.111765
0.000000
0.000000
0.000000
0.000000
0.000000
0.000000
0.000000
0.000000
0.000000
0.946275
0.942549
0.875490
0.000000
0.000000
0.000000
0.000000
0.048431
0.737647
0.942549
0.942549
0.760000
0.711569
0.551373
0.476863
0.655686
0.920196
0.942549
0.827059
0.469412
0.000000
0.000000
0.000000
0.000000
0.000000
0.000000
0.000000
0.000000
0.946275
0.942549
0.521569
0.000000
0.000000
0.000000
0.000000
0.536471
0.942549
0.942549
0.625882
0.052157
0.000000
0.000000
0.000000
0.000000
0.402353
0.800980
0.942549
0.942549
0.000000
0.000000
0.000000
0.000000
0.000000
0.000000
0.000000
0.000000
0.946275
0.942549
0.774902
0.000000
0.000000
0.000000
0.000000
0.648235
0.942549
0.942549
0.227255
0.000000
0.000000
0.000000
0.000000
0.000000
0.000000
0.417255
0.942549
0.942549
0.000000
0.000000
0.000000
0.000000
0.000000
0.000000
0.000000
0.000000
0.946275
0.942549
0.875490
0.000000
0.000000
0.000000
0.000000
0.648235
0.942549
0.942549
0.227255
0.000000
0.000000
0.000000
0.000000
0.000000
0.000000
0.417255
0.942549
0.797255
0.000000
0.000000
0.000000
0.000000
0.000000
0.000000
0.000000
0.000000
0.946275
0.942549
0.897843
0.134118
0.000000
0.000000
0.000000
0.648235
0.942549
0.942549
0.610980
0.000000
0.000000
0.000000
0.000000
0.000000
0.000000
0.417255
0.942549
0.324118
0.000000
0.000000
0.000000
0.000000
0.000000
0.000000
0.000000
0.000000
0.383725
0.942549
0.942549
0.864314
0.316667
0.000000
0.000000
0.093137
0.465686
0.853137
0.909020
0.674314
0.238431
0.000000
0.000000
0.000000
0.000000
0.584902
0.942549
0.417255
0.000000
0.000000
0.000000
0.000000
0.000000
0.000000
0.000000
0.000000
0.014902
0.771176
0.942549
0.942549
0.774902
0.000000
0.000000
0.000000
0.000000
0.424706
0.853137
0.942549
0.909020
0.324118
0.000000
0.000000
0.156471
0.905294
0.942549
0.301765
0.000000
0.000000
0.000000
0.000000
0.000000
0.000000
0.000000
0.000000
0.000000
0.093137
0.942549
0.942549
0.931373
0.558824
0.134118
0.000000
0.000000
0.000000
0.193725
0.551373
0.674314
0.912745
0.685490
0.394902
0.849412
0.942549
0.353922
0.003725
0.000000
0.000000
0.000000
0.000000
0.000000
0.000000
0.000000
0.000000
0.000000
0.003725
0.327843
0.771176
0.942549
0.942549
0.901569
0.786078
0.417255
0.417255
0.417255
0.417255
0.439608
0.640784
0.942549
0.942549
0.771176
0.096863
0.003725
0.000000
0.000000
0.000000
0.000000
0.000000
0.000000
0.000000
0.000000
0.000000
0.000000
0.000000
0.000000
0.298039
0.502941
0.782353
0.942549
0.942549
0.942549
0.942549
0.942549
0.942549
0.942549
0.793529
0.502941
0.324118
0.026078
0.000000
0.000000
0.000000
0.000000
0.000000
0.000000
0.000000
0.000000
0.000000
0.000000
0.000000
0.000000
0.000000
0.000000
0.000000
0.000000
0.014902
0.100588
0.480588
0.480588
0.480588
0.480588
0.480588
0.480588
0.093137
0.000000
0.000000
0.000000
0.000000
0.000000
0.000000
0.000000
0.000000
0.000000
0.000000
0.000000
0.000000
0.000000
0.000000
0.000000
0.000000
0.000000
0.000000
0.000000
0.000000
0.000000
0.000000
0.000000
0.000000
0.000000
0.000000
0.000000
0.000000
0.000000
0.000000
0.000000
0.000000
0.000000
0.000000
0.000000
0.000000
0.000000
0.000000
0.000000
0.000000
0.000000
0.000000
0.000000
0.000000
0.000000
0.000000
0.000000
0.000000
0.000000
0.000000
0.000000
0.000000
0.000000
0.000000
0.000000
0.000000
0.000000
0.000000
0.000000
0.000000
0.000000
0.000000
0.000000
0.000000
0.000000
0.000000
0.000000
0.000000
0.000000
0.000000
0.000000
0.000000
0.000000
0.000000
0.000000
0.000000
0.000000
0.000000
0.000000
0.000000
0.000000
0.000000
0.000000
0.000000
0.000000
0.000000
0.000000
0.000000
0.000000
0.000000
0.000000
0.000000
0.000000
0.000000
0.000000
0.000000
0.000000
0.000000
0.000000
0.000000
0.000000
0.000000
0.000000
0.000000
0.000000
0.000000
0.000000
0.000000
0.000000
0.000000
0.000000
0.000000
0.000000
0.000000
0.000000
0.000000
0.000000
0.000000
0.000000
0.000000
0.000000
0.000000
0.000000
0.000000
0.000000
0.000000
0.000000
0.000000
0.000000
0.000000
0.000000
0.000000
0.000000
0.000000
0.000000
0.000000
0.000000
0.000000
0.000000
0.000000
0.000000
0.000000
0.000000
0.000000
0.000000
0.000000
0.000000
0.000000
